#[CAA-1998]
#report.type: simulated_observation
#observation.label: CAA-1998
@observation CAA-1998
age_plus_group True 
categories immature + mature 
delta 1e-11 
layer cell 
likelihood multinomial
max_age 30 
min_age 1 
process_error 50 
selectivities FishingSel FishingSel 
time_step one 
tolerance 0.01 
type proportions_at_age 
year 1998 
obs r2-c5 0 0 0 0 0.027777777777777776 0.16666666666666666 0.1111111111111111 0.1388888888888889 0.083333333333333329 0.19444444444444445 0.055555555555555552 0.16666666666666666 0.055555555555555552 0 0 0 0 0 0 0 0 0 0 0 0 0 0 0 0 0 
obs r3-c5 0 0 0 0 0 0 0 0 0 0 0.096774193548387094 0 0.032258064516129031 0.12903225806451613 0 0.096774193548387094 0.096774193548387094 0.032258064516129031 0 0.064516129032258063 0.064516129032258063 0.096774193548387094 0.064516129032258063 0 0 0.032258064516129031 0 0 0.032258064516129031 0.16129032258064516 
obs r3-c6 0 0 0 0 0 0 0 0 0 0 0.027027027027027029 0.081081081081081086 0.081081081081081086 0.081081081081081086 0.054054054054054057 0.081081081081081086 0.054054054054054057 0.054054054054054057 0.10810810810810811 0 0 0 0.027027027027027029 0.054054054054054057 0.027027027027027029 0.027027027027027029 0.027027027027027029 0.054054054054054057 0 0.16216216216216217 
obs r4-c3 0 0 0 0 0 0 0 0 0 0 0.040000000000000001 0 0.040000000000000001 0.040000000000000001 0.12 0.080000000000000002 0.040000000000000001 0.080000000000000002 0.080000000000000002 0.12 0 0.040000000000000001 0.040000000000000001 0.040000000000000001 0.040000000000000001 0 0.040000000000000001 0 0.040000000000000001 0.12 
obs r4-c4 0 0 0 0 0 0 0 0 0 0.026315789473684209 0 0.026315789473684209 0.052631578947368418 0.10526315789473684 0.078947368421052627 0.078947368421052627 0.052631578947368418 0.052631578947368418 0.078947368421052627 0.13157894736842105 0.026315789473684209 0.026315789473684209 0.026315789473684209 0 0.052631578947368418 0 0 0.026315789473684209 0.026315789473684209 0.13157894736842105 
obs r4-c6 0 0 0 0 0 0 0 0 0 0 0 0.1111111111111111 0 0.055555555555555552 0.1111111111111111 0.1111111111111111 0 0 0.1111111111111111 0 0.1111111111111111 0.055555555555555552 0.055555555555555552 0.055555555555555552 0 0.055555555555555552 0 0 0.055555555555555552 0.1111111111111111 
error_value r2-c5 148 
error_value r3-c5 132 
error_value r3-c6 119 
error_value r4-c3 35 
error_value r4-c4 157 
error_value r4-c6 58 
#end

#[CAA-1999]
#report.type: simulated_observation
#observation.label: CAA-1999
@observation CAA-1999
age_plus_group True 
categories immature + mature 
delta 1e-11 
layer cell 
likelihood multinomial
max_age 30 
min_age 1 
process_error 50 
selectivities FishingSel FishingSel 
time_step one 
tolerance 0.01 
type proportions_at_age 
year 1999 
obs r1-c5 0 0 0 0.047619047619047616 0.023809523809523808 0.023809523809523808 0.14285714285714285 0.11904761904761904 0.095238095238095233 0.11904761904761904 0.14285714285714285 0.14285714285714285 0.047619047619047616 0.047619047619047616 0.023809523809523808 0 0.023809523809523808 0 0 0 0 0 0 0 0 0 0 0 0 0 
obs r2-c5 0 0 0 0 0.025000000000000001 0.10000000000000001 0.17499999999999999 0.125 0.14999999999999999 0.20000000000000001 0.050000000000000003 0.10000000000000001 0.025000000000000001 0.050000000000000003 0 0 0 0 0 0 0 0 0 0 0 0 0 0 0 0 
obs r2-c6 0 0 0 0 0.075471698113207544 0.056603773584905662 0.094339622641509441 0.16981132075471697 0.15094339622641509 0.094339622641509441 0.16981132075471697 0.13207547169811321 0.037735849056603772 0 0 0 0.018867924528301886 0 0 0 0 0 0 0 0 0 0 0 0 0 
obs r3-c5 0 0 0 0 0 0 0 0 0 0 0.027027027027027029 0.027027027027027029 0.027027027027027029 0.10810810810810811 0.081081081081081086 0.027027027027027029 0.081081081081081086 0.10810810810810811 0.054054054054054057 0 0.027027027027027029 0.054054054054054057 0.054054054054054057 0.10810810810810811 0.054054054054054057 0.027027027027027029 0 0 0.027027027027027029 0.10810810810810811 
obs r3-c6 0.037037037037037035 0 0 0 0 0 0 0 0 0 0 0.1111111111111111 0.037037037037037035 0.07407407407407407 0.14814814814814814 0 0.1111111111111111 0.037037037037037035 0.07407407407407407 0.07407407407407407 0 0.07407407407407407 0.037037037037037035 0.037037037037037035 0 0 0 0.037037037037037035 0 0.1111111111111111 
error_value r1-c5 152 
error_value r2-c5 213 
error_value r2-c6 300 
error_value r3-c5 494 
error_value r3-c6 356 
#end

#[CAA-2000]
#report.type: simulated_observation
#observation.label: CAA-2000
@observation CAA-2000
age_plus_group True 
categories immature + mature 
delta 1e-11 
layer cell 
likelihood multinomial
max_age 30 
min_age 1 
process_error 50 
selectivities FishingSel FishingSel 
time_step one 
tolerance 0.01 
type proportions_at_age 
year 2000 
obs r2-c5 0 0 0 0 0 0.02564102564102564 0.10256410256410256 0.15384615384615385 0.15384615384615385 0.10256410256410256 0.17948717948717949 0.12820512820512819 0.12820512820512819 0 0 0.02564102564102564 0 0 0 0 0 0 0 0 0 0 0 0 0 0 
obs r2-c6 0 0 0.02564102564102564 0.02564102564102564 0.02564102564102564 0.076923076923076927 0.15384615384615385 0.12820512820512819 0.17948717948717949 0.076923076923076927 0.20512820512820512 0.076923076923076927 0 0 0 0.02564102564102564 0 0 0 0 0 0 0 0 0 0 0 0 0 0 
obs r3-c5 0 0 0 0 0 0 0 0 0.02 0.02 0.080000000000000002 0.02 0.059999999999999998 0.14000000000000001 0.10000000000000001 0.059999999999999998 0.059999999999999998 0.080000000000000002 0.040000000000000001 0.059999999999999998 0 0.02 0.059999999999999998 0.080000000000000002 0 0 0.040000000000000001 0 0 0.059999999999999998 
obs r3-c6 0.025000000000000001 0 0 0 0 0 0 0 0 0 0 0.125 0.125 0.050000000000000003 0.025000000000000001 0.10000000000000001 0 0.14999999999999999 0.074999999999999997 0.025000000000000001 0.025000000000000001 0.074999999999999997 0.025000000000000001 0 0.025000000000000001 0 0.025000000000000001 0 0.050000000000000003 0.074999999999999997 
error_value r2-c5 374 
error_value r2-c6 465 
error_value r3-c5 387 
error_value r3-c6 547 
#end

#[CAA-2001]
#report.type: simulated_observation
#observation.label: CAA-2001
@observation CAA-2001
age_plus_group True 
categories immature + mature 
delta 1e-11 
layer cell 
likelihood multinomial
max_age 30 
min_age 1 
process_error 50 
selectivities FishingSel FishingSel 
time_step one 
tolerance 0.01 
type proportions_at_age 
year 2001 
obs r1-c5 0 0 0 0.022222222222222223 0.044444444444444446 0.1111111111111111 0.1111111111111111 0.088888888888888892 0.20000000000000001 0.17777777777777778 0.066666666666666666 0.088888888888888892 0.088888888888888892 0 0 0 0 0 0 0 0 0 0 0 0 0 0 0 0 0 
obs r1-c6 0 0 0 0 0 0.023809523809523808 0.095238095238095233 0.095238095238095233 0.16666666666666666 0.26190476190476192 0.095238095238095233 0.095238095238095233 0.095238095238095233 0.023809523809523808 0.047619047619047616 0 0 0 0 0 0 0 0 0 0 0 0 0 0 0 
obs r2-c5 0 0 0 0 0 0 0.14285714285714285 0.14285714285714285 0.14285714285714285 0.2857142857142857 0.14285714285714285 0.14285714285714285 0 0 0 0 0 0 0 0 0 0 0 0 0 0 0 0 0 0 
obs r3-c5 0 0 0 0 0 0 0 0 0 0.071428571428571425 0.035714285714285712 0 0.071428571428571425 0.071428571428571425 0.14285714285714285 0.14285714285714285 0.035714285714285712 0 0.035714285714285712 0.035714285714285712 0.035714285714285712 0.035714285714285712 0.071428571428571425 0 0.035714285714285712 0 0.071428571428571425 0 0 0.10714285714285714 
obs r3-c6 0 0 0 0 0 0 0 0 0 0 0.055555555555555552 0.037037037037037035 0.1111111111111111 0.092592592592592587 0.12962962962962962 0.07407407407407407 0.12962962962962962 0.037037037037037035 0.055555555555555552 0.037037037037037035 0 0 0.07407407407407407 0 0 0.037037037037037035 0.018518518518518517 0.018518518518518517 0 0.092592592592592587 
obs r4-c3 0 0 0 0 0 0 0 0 0 0 0 0.034482758620689655 0 0.13793103448275862 0.17241379310344829 0.068965517241379309 0.17241379310344829 0.034482758620689655 0.10344827586206896 0.034482758620689655 0 0 0 0.068965517241379309 0.034482758620689655 0 0 0 0.068965517241379309 0.068965517241379309 
obs r4-c4 0 0 0 0 0 0 0 0 0 0 0 0.02564102564102564 0 0.076923076923076927 0.15384615384615385 0.02564102564102564 0.05128205128205128 0.15384615384615385 0.12820512820512819 0.10256410256410256 0.02564102564102564 0.05128205128205128 0.02564102564102564 0 0.02564102564102564 0.02564102564102564 0 0.05128205128205128 0 0.076923076923076927 
obs r4-c5 0 0 0 0 0 0 0 0 0 0 0.020408163265306121 0.020408163265306121 0.10204081632653061 0.081632653061224483 0.061224489795918366 0.12244897959183673 0.081632653061224483 0.081632653061224483 0.040816326530612242 0.061224489795918366 0.040816326530612242 0.061224489795918366 0.020408163265306121 0.061224489795918366 0 0.020408163265306121 0 0.040816326530612242 0 0.081632653061224483 
obs r4-c6 0 0 0 0 0 0 0 0 0 0 0.054054054054054057 0 0.027027027027027029 0.027027027027027029 0.16216216216216217 0.10810810810810811 0.027027027027027029 0.054054054054054057 0.081081081081081086 0.054054054054054057 0.027027027027027029 0.027027027027027029 0 0.054054054054054057 0.054054054054054057 0 0.027027027027027029 0 0 0.21621621621621623 
obs r5-c4 0 0 0 0 0 0 0 0.022222222222222223 0 0 0 0.044444444444444446 0.088888888888888892 0.044444444444444446 0.022222222222222223 0.1111111111111111 0.088888888888888892 0.044444444444444446 0.066666666666666666 0.066666666666666666 0.044444444444444446 0.066666666666666666 0.022222222222222223 0.044444444444444446 0 0.022222222222222223 0 0.022222222222222223 0.022222222222222223 0.15555555555555556 
error_value r1-c5 189 
error_value r1-c6 938 
error_value r2-c5 6 
error_value r3-c5 68 
error_value r3-c6 645 
error_value r4-c3 57 
error_value r4-c4 293 
error_value r4-c5 180 
error_value r4-c6 364 
error_value r5-c4 368 
#end

#[CAA-2002]
#report.type: simulated_observation
#observation.label: CAA-2002
@observation CAA-2002
age_plus_group True 
categories immature + mature 
delta 1e-11 
layer cell 
likelihood multinomial
max_age 30 
min_age 1 
process_error 50 
selectivities FishingSel FishingSel 
time_step one 
tolerance 0.01 
type proportions_at_age 
year 2002 
obs r1-c6 0 0 0 0.023255813953488372 0.046511627906976744 0.093023255813953487 0.11627906976744186 0.23255813953488372 0.11627906976744186 0.13953488372093023 0.069767441860465115 0.046511627906976744 0.023255813953488372 0.046511627906976744 0.046511627906976744 0 0 0 0 0 0 0 0 0 0 0 0 0 0 0 
obs r1-c7 0 0 0 0.050000000000000003 0 0.050000000000000003 0.125 0.20000000000000001 0.125 0.125 0.10000000000000001 0.074999999999999997 0.050000000000000003 0.050000000000000003 0.050000000000000003 0 0 0 0 0 0 0 0 0 0 0 0 0 0 0 
obs r2-c5 0 0 0 0.032258064516129031 0.032258064516129031 0.096774193548387094 0.12903225806451613 0.064516129032258063 0.19354838709677419 0.096774193548387094 0.064516129032258063 0.16129032258064516 0.096774193548387094 0.032258064516129031 0 0 0 0 0 0 0 0 0 0 0 0 0 0 0 0 
obs r2-c6 0 0 0.021739130434782608 0.021739130434782608 0.021739130434782608 0.13043478260869565 0.13043478260869565 0.10869565217391304 0.10869565217391304 0.086956521739130432 0.19565217391304349 0.13043478260869565 0.021739130434782608 0.021739130434782608 0 0 0 0 0 0 0 0 0 0 0 0 0 0 0 0 
obs r3-c5 0 0 0 0 0 0 0 0 0 0 0.045454545454545456 0.068181818181818177 0.045454545454545456 0.18181818181818182 0.090909090909090912 0.045454545454545456 0.045454545454545456 0.11363636363636363 0 0.090909090909090912 0.022727272727272728 0.045454545454545456 0.022727272727272728 0 0 0 0.022727272727272728 0.045454545454545456 0.022727272727272728 0.090909090909090912 
obs r3-c6 0 0 0 0 0 0 0 0 0 0 0.042553191489361701 0.021276595744680851 0.085106382978723402 0.23404255319148937 0.1702127659574468 0.085106382978723402 0.042553191489361701 0.042553191489361701 0.085106382978723402 0.021276595744680851 0 0.042553191489361701 0.063829787234042548 0.021276595744680851 0 0 0 0 0 0.042553191489361701 
obs r4-c5 0 0 0 0 0 0 0 0 0 0.039215686274509803 0.039215686274509803 0.039215686274509803 0.039215686274509803 0.078431372549019607 0.078431372549019607 0.078431372549019607 0.058823529411764705 0.098039215686274508 0.078431372549019607 0 0.019607843137254902 0.058823529411764705 0.058823529411764705 0.019607843137254902 0.039215686274509803 0.019607843137254902 0.019607843137254902 0 0 0.13725490196078433 
obs r4-c6 0 0 0 0 0 0 0 0 0 0 0.027027027027027029 0.054054054054054057 0.081081081081081086 0.16216216216216217 0.027027027027027029 0.081081081081081086 0.054054054054054057 0.027027027027027029 0.10810810810810811 0.054054054054054057 0.027027027027027029 0 0 0.081081081081081086 0.081081081081081086 0.027027027027027029 0 0 0 0.10810810810810811 
obs r5-c4 0 0 0 0 0 0 0 0 0 0 0.03125 0 0.09375 0.21875 0 0.09375 0.03125 0 0.0625 0.09375 0.0625 0.03125 0.03125 0 0.0625 0.0625 0 0 0.03125 0.09375 
obs r5-c5 0 0 0 0 0 0 0 0 0 0 0 0.02564102564102564 0.05128205128205128 0.076923076923076927 0.076923076923076927 0.02564102564102564 0.05128205128205128 0.05128205128205128 0.076923076923076927 0.02564102564102564 0.10256410256410256 0.076923076923076927 0.05128205128205128 0.076923076923076927 0 0 0 0.02564102564102564 0.02564102564102564 0.17948717948717949 
obs r5-c6 0 0 0 0 0 0 0 0 0 0 0 0 0.10869565217391304 0.086956521739130432 0.065217391304347824 0.043478260869565216 0.086956521739130432 0.10869565217391304 0.065217391304347824 0.065217391304347824 0.043478260869565216 0.021739130434782608 0.021739130434782608 0.021739130434782608 0 0.065217391304347824 0 0.021739130434782608 0.065217391304347824 0.10869565217391304 
error_value r1-c6 267 
error_value r1-c7 136 
error_value r2-c5 228 
error_value r2-c6 333 
error_value r3-c5 706 
error_value r3-c6 621 
error_value r4-c5 105 
error_value r4-c6 418 
error_value r5-c4 144 
error_value r5-c5 235 
error_value r5-c6 327 
#end

#[CAA-2003]
#report.type: simulated_observation
#observation.label: CAA-2003
@observation CAA-2003
age_plus_group True 
categories immature + mature 
delta 1e-11 
layer cell 
likelihood multinomial
max_age 30 
min_age 1 
process_error 50 
selectivities FishingSel FishingSel 
time_step one 
tolerance 0.01 
type proportions_at_age 
year 2003 
obs r3-c4 0 0 0 0 0 0 0 0 0 0.032258064516129031 0 0.064516129032258063 0.064516129032258063 0.096774193548387094 0.096774193548387094 0 0.032258064516129031 0.096774193548387094 0.064516129032258063 0.032258064516129031 0 0.032258064516129031 0 0.064516129032258063 0.032258064516129031 0.064516129032258063 0.032258064516129031 0.032258064516129031 0.032258064516129031 0.12903225806451613 
obs r3-c5 0 0 0 0 0 0 0 0 0.021739130434782608 0 0.021739130434782608 0 0.10869565217391304 0.043478260869565216 0.17391304347826086 0.086956521739130432 0.10869565217391304 0.065217391304347824 0.021739130434782608 0.043478260869565216 0.043478260869565216 0 0.065217391304347824 0.021739130434782608 0 0 0 0.043478260869565216 0.021739130434782608 0.10869565217391304 
obs r3-c6 0 0 0 0 0 0 0 0 0 0.02 0.040000000000000001 0.02 0.12 0.10000000000000001 0.10000000000000001 0.080000000000000002 0.10000000000000001 0.059999999999999998 0.02 0.080000000000000002 0.040000000000000001 0.02 0.040000000000000001 0 0.02 0.040000000000000001 0.02 0 0.040000000000000001 0.040000000000000001 
obs r4-c4 0 0 0 0 0 0 0 0 0 0 0 0.14285714285714285 0.071428571428571425 0.14285714285714285 0.071428571428571425 0 0.071428571428571425 0 0.14285714285714285 0 0.071428571428571425 0 0 0.14285714285714285 0 0 0 0.071428571428571425 0.071428571428571425 0 
obs r4-c5 0 0 0 0 0 0 0 0 0 0 0 0.029411764705882353 0.088235294117647065 0.029411764705882353 0.058823529411764705 0.088235294117647065 0.058823529411764705 0.029411764705882353 0.029411764705882353 0.058823529411764705 0.14705882352941177 0.058823529411764705 0 0.058823529411764705 0.058823529411764705 0 0.029411764705882353 0 0.029411764705882353 0.14705882352941177 
obs r4-c6 0 0 0 0 0 0 0 0 0.02 0 0.040000000000000001 0.02 0.080000000000000002 0.02 0.10000000000000001 0.14000000000000001 0.080000000000000002 0 0.040000000000000001 0.059999999999999998 0 0.059999999999999998 0.059999999999999998 0 0.059999999999999998 0 0.059999999999999998 0 0 0.16 
obs r5-c4 0 0 0 0 0 0 0 0 0 0 0.025000000000000001 0.025000000000000001 0.050000000000000003 0.10000000000000001 0.14999999999999999 0.025000000000000001 0.074999999999999997 0.074999999999999997 0.050000000000000003 0 0 0.14999999999999999 0.025000000000000001 0.050000000000000003 0 0 0 0.025000000000000001 0.025000000000000001 0.14999999999999999 
obs r5-c5 0 0 0 0 0 0 0 0 0 0 0.025000000000000001 0.050000000000000003 0.025000000000000001 0.125 0.074999999999999997 0.074999999999999997 0 0.125 0.074999999999999997 0.050000000000000003 0.050000000000000003 0.025000000000000001 0.10000000000000001 0.025000000000000001 0.025000000000000001 0 0 0.074999999999999997 0 0.074999999999999997 
obs r5-c6 0 0 0 0 0 0 0 0 0 0 0.02564102564102564 0 0.076923076923076927 0.076923076923076927 0.05128205128205128 0.10256410256410256 0 0.10256410256410256 0.076923076923076927 0.076923076923076927 0 0.02564102564102564 0 0.10256410256410256 0.02564102564102564 0.02564102564102564 0.05128205128205128 0.05128205128205128 0.02564102564102564 0.10256410256410256 
obs r5-c7 0 0 0 0 0 0 0 0 0 0.023255813953488372 0 0.046511627906976744 0.046511627906976744 0.069767441860465115 0.046511627906976744 0.093023255813953487 0.13953488372093023 0.046511627906976744 0.046511627906976744 0.093023255813953487 0 0.046511627906976744 0 0.023255813953488372 0.069767441860465115 0.069767441860465115 0.023255813953488372 0 0 0.11627906976744186 
error_value r3-c4 89 
error_value r3-c5 461 
error_value r3-c6 408 
error_value r4-c4 50 
error_value r4-c5 203 
error_value r4-c6 653 
error_value r5-c4 161 
error_value r5-c5 337 
error_value r5-c6 534 
error_value r5-c7 230 
#end

#[CAA-2004]
#report.type: simulated_observation
#observation.label: CAA-2004
@observation CAA-2004
age_plus_group True 
categories immature + mature 
delta 1e-11 
layer cell 
likelihood multinomial
max_age 30 
min_age 1 
process_error 50 
selectivities FishingSel FishingSel 
time_step one 
tolerance 0.01 
type proportions_at_age 
year 2004 
obs r1-c5 0 0 0 0 0 0.085714285714285715 0.11428571428571428 0.25714285714285712 0.14285714285714285 0.17142857142857143 0.14285714285714285 0.057142857142857141 0 0.028571428571428571 0 0 0 0 0 0 0 0 0 0 0 0 0 0 0 0 
obs r1-c6 0 0 0 0 0.04878048780487805 0.024390243902439025 0.12195121951219512 0.24390243902439024 0.17073170731707318 0.097560975609756101 0.097560975609756101 0.12195121951219512 0.04878048780487805 0.024390243902439025 0 0 0 0 0 0 0 0 0 0 0 0 0 0 0 0 
obs r1-c7 0 0 0 0 0 0.081081081081081086 0.027027027027027029 0.081081081081081086 0.27027027027027029 0.1891891891891892 0.10810810810810811 0.13513513513513514 0.10810810810810811 0 0 0 0 0 0 0 0 0 0 0 0 0 0 0 0 0 
obs r2-c5 0 0.020408163265306121 0 0.020408163265306121 0.040816326530612242 0.061224489795918366 0.12244897959183673 0.10204081632653061 0.22448979591836735 0.12244897959183673 0.12244897959183673 0.061224489795918366 0.081632653061224483 0 0 0.020408163265306121 0 0 0 0 0 0 0 0 0 0 0 0 0 0 
obs r3-c4 0 0 0 0 0 0 0 0 0 0 0 0.13043478260869565 0.086956521739130432 0 0.13043478260869565 0.13043478260869565 0.13043478260869565 0.043478260869565216 0.043478260869565216 0 0 0.043478260869565216 0.043478260869565216 0 0 0.043478260869565216 0.043478260869565216 0.043478260869565216 0 0.086956521739130432 
obs r3-c5 0 0 0 0 0 0.019607843137254902 0 0 0 0.019607843137254902 0.019607843137254902 0.15686274509803921 0.13725490196078433 0.098039215686274508 0.058823529411764705 0.13725490196078433 0.098039215686274508 0.039215686274509803 0.019607843137254902 0.039215686274509803 0 0 0 0.078431372549019607 0 0 0 0 0.019607843137254902 0.058823529411764705 
obs r3-c6 0 0 0 0 0 0 0.018518518518518517 0 0 0 0.037037037037037035 0.055555555555555552 0.07407407407407407 0.12962962962962962 0.037037037037037035 0.07407407407407407 0.055555555555555552 0.16666666666666666 0 0.018518518518518517 0.07407407407407407 0.055555555555555552 0 0 0.055555555555555552 0.018518518518518517 0.055555555555555552 0 0 0.07407407407407407 
obs r4-c3 0 0 0 0 0 0 0 0 0 0 0 0.026315789473684209 0.052631578947368418 0.078947368421052627 0.10526315789473684 0.13157894736842105 0.10526315789473684 0.052631578947368418 0.052631578947368418 0.026315789473684209 0.026315789473684209 0 0.078947368421052627 0.052631578947368418 0.078947368421052627 0 0.026315789473684209 0.026315789473684209 0 0.078947368421052627 
obs r4-c4 0 0 0 0 0 0 0 0.032258064516129031 0.032258064516129031 0 0 0 0.064516129032258063 0.12903225806451613 0.16129032258064516 0.032258064516129031 0 0.064516129032258063 0.096774193548387094 0 0.032258064516129031 0.096774193548387094 0.064516129032258063 0.064516129032258063 0 0.064516129032258063 0 0 0.032258064516129031 0.032258064516129031 
obs r4-c5 0 0 0 0 0 0 0 0 0 0.02564102564102564 0 0.15384615384615385 0.076923076923076927 0.05128205128205128 0.10256410256410256 0.076923076923076927 0 0.10256410256410256 0.02564102564102564 0.076923076923076927 0.02564102564102564 0 0 0.05128205128205128 0.076923076923076927 0 0.02564102564102564 0 0 0.12820512820512819 
obs r4-c6 0 0 0 0 0 0 0 0 0 0 0 0.02564102564102564 0.10256410256410256 0.05128205128205128 0.076923076923076927 0.15384615384615385 0.076923076923076927 0.076923076923076927 0.05128205128205128 0.05128205128205128 0.02564102564102564 0 0 0.10256410256410256 0.02564102564102564 0.076923076923076927 0.02564102564102564 0 0 0.076923076923076927 
obs r5-c4 0 0 0 0 0 0 0 0.02564102564102564 0 0 0 0.02564102564102564 0.05128205128205128 0.02564102564102564 0.076923076923076927 0.10256410256410256 0.076923076923076927 0.02564102564102564 0.02564102564102564 0.10256410256410256 0.05128205128205128 0.05128205128205128 0.02564102564102564 0.02564102564102564 0.05128205128205128 0 0.076923076923076927 0.02564102564102564 0.02564102564102564 0.12820512820512819 
obs r5-c5 0 0 0 0 0 0 0 0 0.021276595744680851 0 0.021276595744680851 0.042553191489361701 0.063829787234042548 0.042553191489361701 0.10638297872340426 0.1276595744680851 0.042553191489361701 0.042553191489361701 0.063829787234042548 0.085106382978723402 0.042553191489361701 0.063829787234042548 0.021276595744680851 0.063829787234042548 0.021276595744680851 0.021276595744680851 0 0 0.042553191489361701 0.063829787234042548 
obs r5-c6 0 0 0 0 0 0 0 0 0 0 0 0.022222222222222223 0.022222222222222223 0.15555555555555556 0.088888888888888892 0.20000000000000001 0.044444444444444446 0.044444444444444446 0.022222222222222223 0.044444444444444446 0.066666666666666666 0.022222222222222223 0.044444444444444446 0 0.044444444444444446 0 0 0 0.022222222222222223 0.15555555555555556 
obs r5-c7 0 0 0 0 0 0 0 0 0.023809523809523808 0.023809523809523808 0 0.023809523809523808 0.071428571428571425 0.023809523809523808 0.071428571428571425 0.047619047619047616 0.095238095238095233 0 0.071428571428571425 0.071428571428571425 0.047619047619047616 0 0.023809523809523808 0.071428571428571425 0.047619047619047616 0 0.023809523809523808 0 0.047619047619047616 0.21428571428571427 
error_value r1-c5 208 
error_value r1-c6 277 
error_value r1-c7 263 
error_value r2-c5 231 
error_value r3-c4 29 
error_value r3-c5 662 
error_value r3-c6 611 
error_value r4-c3 111 
error_value r4-c4 211 
error_value r4-c5 155 
error_value r4-c6 366 
error_value r5-c4 180 
error_value r5-c5 215 
error_value r5-c6 300 
error_value r5-c7 214 
#end

#[CAA-2005]
#report.type: simulated_observation
#observation.label: CAA-2005
@observation CAA-2005
age_plus_group True 
categories immature + mature 
delta 1e-11 
layer cell 
likelihood multinomial
max_age 30 
min_age 1 
process_error 50 
selectivities FishingSel FishingSel 
time_step one 
tolerance 0.01 
type proportions_at_age 
year 2005 
obs r1-c6 0 0 0 0 0.061224489795918366 0.061224489795918366 0.12244897959183673 0.16326530612244897 0.18367346938775511 0.16326530612244897 0.081632653061224483 0.081632653061224483 0.061224489795918366 0 0.020408163265306121 0 0 0 0 0 0 0 0 0 0 0 0 0 0 0 
obs r1-c7 0 0 0.02564102564102564 0 0.02564102564102564 0.10256410256410256 0.076923076923076927 0.17948717948717949 0.17948717948717949 0.12820512820512819 0.05128205128205128 0.076923076923076927 0.076923076923076927 0.05128205128205128 0.02564102564102564 0 0 0 0 0 0 0 0 0 0 0 0 0 0 0 
obs r2-c5 0 0 0.022222222222222223 0.044444444444444446 0.022222222222222223 0.066666666666666666 0.13333333333333333 0.088888888888888892 0.17777777777777778 0.15555555555555556 0.1111111111111111 0.088888888888888892 0.088888888888888892 0 0 0 0 0 0 0 0 0 0 0 0 0 0 0 0 0 
obs r2-c6 0 0 0 0.12121212121212122 0.12121212121212122 0.060606060606060608 0.12121212121212122 0.18181818181818182 0.090909090909090912 0.12121212121212122 0.15151515151515152 0.030303030303030304 0 0 0 0 0 0 0 0 0 0 0 0 0 0 0 0 0 0 
obs r2-c7 1 0 0 0 0 0 0 0 0 0 0 0 0 0 0 0 0 0 0 0 0 0 0 0 0 0 0 0 0 0 
obs r3-c5 0 0 0 0 0 0 0 0.023809523809523808 0 0 0 0.095238095238095233 0 0.071428571428571425 0.095238095238095233 0.071428571428571425 0.047619047619047616 0.095238095238095233 0.047619047619047616 0.071428571428571425 0.023809523809523808 0.023809523809523808 0.071428571428571425 0.047619047619047616 0.047619047619047616 0.071428571428571425 0.023809523809523808 0 0 0.071428571428571425 
obs r3-c6 0 0 0 0 0 0 0 0 0 0.018867924528301886 0.056603773584905662 0.056603773584905662 0.075471698113207544 0.094339622641509441 0.056603773584905662 0 0.15094339622641509 0.056603773584905662 0.018867924528301886 0.075471698113207544 0.094339622641509441 0.018867924528301886 0.018867924528301886 0.018867924528301886 0.037735849056603772 0.037735849056603772 0 0.018867924528301886 0 0.094339622641509441 
obs r4-c3 0 0 0 0 0 0 0 0 0 0.025000000000000001 0.050000000000000003 0.050000000000000003 0.074999999999999997 0.050000000000000003 0.10000000000000001 0.025000000000000001 0.125 0.074999999999999997 0.050000000000000003 0.025000000000000001 0.10000000000000001 0 0 0.025000000000000001 0.025000000000000001 0.050000000000000003 0 0 0 0.14999999999999999 
obs r4-c4 0 0 0 0 0 0 0 0 0 0 0.022222222222222223 0.044444444444444446 0.088888888888888892 0.044444444444444446 0.1111111111111111 0.066666666666666666 0.044444444444444446 0.044444444444444446 0.066666666666666666 0.022222222222222223 0.066666666666666666 0.044444444444444446 0.044444444444444446 0.066666666666666666 0.022222222222222223 0.044444444444444446 0.022222222222222223 0 0.022222222222222223 0.1111111111111111 
obs r4-c5 0 0 0 0 0 0 0 0 0.047619047619047616 0 0 0.023809523809523808 0.023809523809523808 0.11904761904761904 0.047619047619047616 0.11904761904761904 0.023809523809523808 0.095238095238095233 0.095238095238095233 0.047619047619047616 0.023809523809523808 0 0 0.023809523809523808 0 0.047619047619047616 0.023809523809523808 0.047619047619047616 0.023809523809523808 0.16666666666666666 
obs r4-c6 0 0 0 0 0 0 0 0 0 0 0 0.074999999999999997 0.074999999999999997 0.17499999999999999 0.10000000000000001 0.125 0.074999999999999997 0.025000000000000001 0.050000000000000003 0.074999999999999997 0.050000000000000003 0 0.025000000000000001 0.025000000000000001 0 0 0.025000000000000001 0 0.025000000000000001 0.074999999999999997 
obs r5-c4 0 0 0 0 0 0 0 0 0 0 0.033333333333333333 0 0.10000000000000001 0.066666666666666666 0.16666666666666666 0.033333333333333333 0.033333333333333333 0.066666666666666666 0.033333333333333333 0.066666666666666666 0.033333333333333333 0.066666666666666666 0.066666666666666666 0 0 0.033333333333333333 0.033333333333333333 0 0 0.16666666666666666 
obs r5-c5 0 0 0 0 0 0 0 0 0 0 0 0 0.076923076923076927 0.076923076923076927 0 0.11538461538461539 0.076923076923076927 0.076923076923076927 0 0 0.076923076923076927 0.038461538461538464 0.076923076923076927 0.038461538461538464 0.076923076923076927 0.11538461538461539 0 0.038461538461538464 0 0.11538461538461539 
obs r5-c6 0 0 0 0 0 0 0 0 0 0 0.027027027027027029 0.027027027027027029 0.10810810810810811 0.054054054054054057 0.10810810810810811 0.027027027027027029 0.10810810810810811 0.027027027027027029 0.027027027027027029 0.054054054054054057 0.054054054054054057 0.027027027027027029 0.081081081081081086 0.027027027027027029 0 0.027027027027027029 0 0.054054054054054057 0.054054054054054057 0.10810810810810811 
obs r5-c7 0 0 0 0 0 0 0 0 0 0 0 0.027777777777777776 0.1111111111111111 0.083333333333333329 0.083333333333333329 0.1111111111111111 0.083333333333333329 0.027777777777777776 0.083333333333333329 0.027777777777777776 0.083333333333333329 0 0.027777777777777776 0.055555555555555552 0.055555555555555552 0 0 0 0.027777777777777776 0.1111111111111111 
error_value r1-c6 436 
error_value r1-c7 285 
error_value r2-c5 470 
error_value r2-c6 694 
error_value r2-c7 126 
error_value r3-c5 751 
error_value r3-c6 752 
error_value r4-c3 130 
error_value r4-c4 322 
error_value r4-c5 217 
error_value r4-c6 301 
error_value r5-c4 126 
error_value r5-c5 64 
error_value r5-c6 443 
error_value r5-c7 169 
#end

#[CAA-2006]
#report.type: simulated_observation
#observation.label: CAA-2006
@observation CAA-2006
age_plus_group True 
categories immature + mature 
delta 1e-11 
layer cell 
likelihood multinomial
max_age 30 
min_age 1 
process_error 50 
selectivities FishingSel FishingSel 
time_step one 
tolerance 0.01 
type proportions_at_age 
year 2006 
obs r1-c6 0 0 0 0 0.068965517241379309 0.068965517241379309 0.13793103448275862 0.13793103448275862 0.20689655172413793 0.2413793103448276 0.068965517241379309 0 0 0.034482758620689655 0 0.034482758620689655 0 0 0 0 0 0 0 0 0 0 0 0 0 0 
obs r2-c4 0 0 0 0 0.065217391304347824 0.17391304347826086 0.065217391304347824 0.21739130434782608 0.13043478260869565 0.065217391304347824 0.065217391304347824 0.15217391304347827 0.065217391304347824 0 0 0 0 0 0 0 0 0 0 0 0 0 0 0 0 0 
obs r2-c5 0 0.043478260869565216 0.021739130434782608 0 0.021739130434782608 0.10869565217391304 0.065217391304347824 0.21739130434782608 0.15217391304347827 0.086956521739130432 0.15217391304347827 0.021739130434782608 0.043478260869565216 0.043478260869565216 0.021739130434782608 0 0 0 0 0 0 0 0 0 0 0 0 0 0 0 
obs r2-c6 0.022727272727272728 0.022727272727272728 0.022727272727272728 0 0.022727272727272728 0.045454545454545456 0.27272727272727271 0.090909090909090912 0.18181818181818182 0.090909090909090912 0.090909090909090912 0.045454545454545456 0.068181818181818177 0.022727272727272728 0 0 0 0 0 0 0 0 0 0 0 0 0 0 0 0 
obs r3-c5 0 0 0 0 0 0 0 0 0 0 0 0 0.043478260869565216 0.065217391304347824 0.19565217391304349 0.086956521739130432 0.10869565217391304 0.043478260869565216 0.065217391304347824 0.043478260869565216 0 0.086956521739130432 0.021739130434782608 0 0.10869565217391304 0.021739130434782608 0 0 0.043478260869565216 0.065217391304347824 
obs r3-c6 0 0 0 0 0 0 0 0 0 0 0.03125 0.03125 0.15625 0.25 0.125 0.09375 0.0625 0.0625 0.03125 0.03125 0 0 0.03125 0 0 0 0.03125 0 0.03125 0.03125 
obs r4-c6 0 0 0 0 0 0 0 0 0 0.045454545454545456 0.022727272727272728 0 0.11363636363636363 0.15909090909090909 0.068181818181818177 0.11363636363636363 0.045454545454545456 0.11363636363636363 0.045454545454545456 0.022727272727272728 0 0.022727272727272728 0.022727272727272728 0.045454545454545456 0.022727272727272728 0 0.022727272727272728 0.022727272727272728 0 0.090909090909090912 
obs r5-c5 0 0 0 0 0 0 0 0 0 0 0.07407407407407407 0 0 0.14814814814814814 0 0.14814814814814814 0.07407407407407407 0.07407407407407407 0.07407407407407407 0.037037037037037035 0.14814814814814814 0 0 0 0 0.037037037037037035 0 0 0 0.18518518518518517 
obs r5-c6 0 0 0 0 0 0 0 0 0 0 0 0 0 0.047619047619047616 0.14285714285714285 0.071428571428571425 0.095238095238095233 0.047619047619047616 0.023809523809523808 0.047619047619047616 0.071428571428571425 0.047619047619047616 0.071428571428571425 0 0.071428571428571425 0.047619047619047616 0.047619047619047616 0.023809523809523808 0.023809523809523808 0.11904761904761904 
obs r5-c7 0 0 0 0 0 0 0 0 0 0 0 0.045454545454545456 0.045454545454545456 0.13636363636363635 0.13636363636363635 0.11363636363636363 0.045454545454545456 0.068181818181818177 0 0.068181818181818177 0.022727272727272728 0.045454545454545456 0.045454545454545456 0.11363636363636363 0 0 0.022727272727272728 0 0 0.090909090909090912 
obs r6-c5 0 0 0 0 0 0 0 0 0 0 0 0.5 0 0 0 0 0.5 0 0 0 0 0 0 0 0 0 0 0 0 0 
error_value r1-c6 277 
error_value r2-c4 698 
error_value r2-c5 572 
error_value r2-c6 570 
error_value r3-c5 761 
error_value r3-c6 682 
error_value r4-c6 259 
error_value r5-c5 49 
error_value r5-c6 191 
error_value r5-c7 150 
error_value r6-c5 1 
#end

#[CAA-2007]
#report.type: simulated_observation
#observation.label: CAA-2007
@observation CAA-2007
age_plus_group True 
categories immature + mature 
delta 1e-11 
layer cell 
likelihood multinomial
max_age 30 
min_age 1 
process_error 50 
selectivities FishingSel FishingSel 
time_step one 
tolerance 0.01 
type proportions_at_age 
year 2007 
obs r1-c5 0 0 0.02 0.02 0.059999999999999998 0.080000000000000002 0.12 0.16 0.12 0.22 0.040000000000000001 0.10000000000000001 0.02 0.02 0 0 0.02 0 0 0 0 0 0 0 0 0 0 0 0 0 
obs r2-c4 0 0.022727272727272728 0 0.022727272727272728 0.045454545454545456 0.045454545454545456 0.13636363636363635 0.18181818181818182 0.090909090909090912 0.15909090909090909 0.11363636363636363 0.068181818181818177 0.090909090909090912 0.022727272727272728 0 0 0 0 0 0 0 0 0 0 0 0 0 0 0 0 
obs r2-c5 0 0 0 0 0.039215686274509803 0.078431372549019607 0.23529411764705882 0.11764705882352941 0.15686274509803921 0.078431372549019607 0.098039215686274508 0.078431372549019607 0.078431372549019607 0.019607843137254902 0 0 0.019607843137254902 0 0 0 0 0 0 0 0 0 0 0 0 0 
obs r3-c4 0 0 0 0 0 0 0 0 0 0.037037037037037035 0.07407407407407407 0 0.07407407407407407 0.037037037037037035 0.07407407407407407 0 0.07407407407407407 0.18518518518518517 0.07407407407407407 0.037037037037037035 0.037037037037037035 0.037037037037037035 0 0 0.07407407407407407 0 0.037037037037037035 0 0 0.14814814814814814 
obs r3-c5 0 0 0 0 0 0 0.02 0 0 0.040000000000000001 0 0.02 0.12 0.080000000000000002 0.080000000000000002 0.12 0.040000000000000001 0.080000000000000002 0.080000000000000002 0.059999999999999998 0.02 0.040000000000000001 0.02 0 0.059999999999999998 0 0.02 0 0 0.10000000000000001 
obs r3-c6 0 0 0 0 0 0 0 0 0 0.023255813953488372 0.023255813953488372 0.093023255813953487 0.11627906976744186 0.11627906976744186 0.13953488372093023 0.069767441860465115 0.023255813953488372 0.093023255813953487 0 0.023255813953488372 0.046511627906976744 0 0.046511627906976744 0.046511627906976744 0.023255813953488372 0.023255813953488372 0 0 0 0.093023255813953487 
obs r4-c6 0 0 0 0 0 0 0 0 0 0 0.028571428571428571 0.028571428571428571 0.11428571428571428 0.11428571428571428 0.17142857142857143 0.085714285714285715 0.085714285714285715 0.028571428571428571 0.057142857142857141 0.057142857142857141 0.028571428571428571 0.028571428571428571 0.028571428571428571 0 0.028571428571428571 0 0 0.028571428571428571 0.028571428571428571 0.057142857142857141 
obs r5-c4 0 0 0 0 0 0 0 0 0 0 0 0.074999999999999997 0.10000000000000001 0.050000000000000003 0.074999999999999997 0.074999999999999997 0.050000000000000003 0.074999999999999997 0.050000000000000003 0.025000000000000001 0.074999999999999997 0.050000000000000003 0.050000000000000003 0.050000000000000003 0.025000000000000001 0 0 0.050000000000000003 0.025000000000000001 0.10000000000000001 
obs r5-c5 0 0 0 0 0 0 0 0 0.019607843137254902 0 0.039215686274509803 0.039215686274509803 0.078431372549019607 0.058823529411764705 0.098039215686274508 0.11764705882352941 0.039215686274509803 0.019607843137254902 0.098039215686274508 0.039215686274509803 0.058823529411764705 0.039215686274509803 0.039215686274509803 0 0.039215686274509803 0.058823529411764705 0.078431372549019607 0 0 0.039215686274509803 
obs r5-c6 0 0 0 0 0 0 0 0 0 0 0.020408163265306121 0.040816326530612242 0.061224489795918366 0.040816326530612242 0.10204081632653061 0.10204081632653061 0.18367346938775511 0.040816326530612242 0.020408163265306121 0.081632653061224483 0.040816326530612242 0.061224489795918366 0.040816326530612242 0 0.020408163265306121 0 0 0.040816326530612242 0 0.10204081632653061 
obs r5-c7 0 0 0 0 0 0 0 0 0 0 0 0 0.13157894736842105 0.052631578947368418 0.052631578947368418 0.26315789473684209 0 0.078947368421052627 0 0.026315789473684209 0.052631578947368418 0.13157894736842105 0.052631578947368418 0 0.078947368421052627 0 0 0.026315789473684209 0 0.052631578947368418 
obs r6-c5 0 0 0 0 0 0 0 0 0 0 0 0.040000000000000001 0.040000000000000001 0.040000000000000001 0.16 0.040000000000000001 0.040000000000000001 0 0.080000000000000002 0.080000000000000002 0.040000000000000001 0.040000000000000001 0.080000000000000002 0 0.080000000000000002 0 0 0.040000000000000001 0 0.20000000000000001 
error_value r1-c5 531 
error_value r2-c4 673 
error_value r2-c5 363 
error_value r3-c4 64 
error_value r3-c5 948 
error_value r3-c6 710 
error_value r4-c6 254 
error_value r5-c4 346 
error_value r5-c5 387 
error_value r5-c6 239 
error_value r5-c7 305 
error_value r6-c5 58 
#end

#[cpue-1998]
#report.type: simulated_observation
#observation.label: cpue-1998
@observation cpue-1998
catchability CPUEq 
categories immature mature 
delta 1e-11 
layer cell 
likelihood lognormal
selectivities FishingSel FishingSel 
time_step one 
type abundance 
year 1998 
obs r2-c5 1.3687641295745481 
obs r3-c5 0.1932158645131872 
obs r3-c6 0.018090255023619453 
obs r4-c3 0.74388409233596831 
obs r4-c4 0.69032551488516414 
obs r4-c6 0.17551599256233374 
error_value r2-c5 0.145884105378667 
error_value r3-c5 0.25092280213234203 
error_value r3-c6 0.154796122445294 
error_value r4-c3 0.26222999808271202 
error_value r4-c4 0.76568834937381003 
error_value r4-c6 0.39622421394976098 
#end

#[cpue-1999]
#report.type: simulated_observation
#observation.label: cpue-1999
@observation cpue-1999
catchability CPUEq 
categories immature mature 
delta 1e-11 
layer cell 
likelihood lognormal
selectivities FishingSel FishingSel 
time_step one 
type abundance 
year 1999 
obs r1-c5 2.1963279463939118 
obs r2-c5 1.5865220521837673 
obs r2-c6 0.10344360809921779 
obs r3-c5 0.096002307121539135 
obs r3-c6 0.0097652345527459196 
obs r4-c6 0.02423383844057047 
error_value r1-c5 0.315919731111517 
error_value r2-c5 0.26804971393364402 
error_value r2-c6 0.17328440750875801 
error_value r3-c5 0.211902996666476 
error_value r3-c6 0.17407393859776599 
error_value r4-c6 0.92746237950430699 
#end

#[cpue-2000]
#report.type: simulated_observation
#observation.label: cpue-2000
@observation cpue-2000
catchability CPUEq 
categories immature mature 
delta 1e-11 
layer cell 
likelihood lognormal
selectivities FishingSel FishingSel 
time_step one 
type abundance 
year 2000 
obs r2-c5 1.013589794157852 
obs r2-c6 0.057416533762156677 
obs r3-c5 0.15924525280926771 
obs r3-c6 0.0088694884662614461 
error_value r2-c5 0.42791961421512698 
error_value r2-c6 0.150578220814134 
error_value r3-c5 0.33420965017722198 
error_value r3-c6 0.227084486619373 
#end

#[cpue-2001]
#report.type: simulated_observation
#observation.label: cpue-2001
@observation cpue-2001
catchability CPUEq 
categories immature mature 
delta 1e-11 
layer cell 
likelihood lognormal
selectivities FishingSel FishingSel 
time_step one 
type abundance 
year 2001 
obs r1-c5 1.6528185422914157 
obs r1-c6 1.263473246111714 
obs r2-c5 1.1336473842599228 
obs r3-c5 0.056588807822206454 
obs r3-c6 0.013453590851496935 
obs r4-c4 0.73376018372609431 
obs r4-c5 0.12268877790434427 
obs r4-c6 0.15750045156454445 
obs r5-c4 0.1690765491784044 
obs r5-c5 0.047906031825045464 
error_value r1-c5 0.18126576813727399 
error_value r1-c6 0.157919111913146 
error_value r2-c5 0.59221613441236798 
error_value r3-c5 0.40675617526139002 
error_value r3-c6 0.29373162153147098 
error_value r4-c4 0.440807556672064 
error_value r4-c5 0.56108582272367602 
error_value r4-c6 0.35105157829019301 
error_value r5-c4 0.77963277878708803 
error_value r5-c5 1.0936422965408601 
#end

#[cpue-2002]
#report.type: simulated_observation
#observation.label: cpue-2002
@observation cpue-2002
catchability CPUEq 
categories immature mature 
delta 1e-11 
layer cell 
likelihood lognormal
selectivities FishingSel FishingSel 
time_step one 
type abundance 
year 2002 
obs r1-c6 1.5130675928612798 
obs r2-c5 1.6099557265843853 
obs r2-c6 0.05831171551161262 
obs r3-c5 0.086240017486114137 
obs r3-c6 0.010253418714396417 
obs r4-c5 0.21966487865835257 
obs r4-c6 0.044728608989297113 
obs r5-c4 0.37125353326651572 
obs r5-c5 0.24465986584930091 
obs r5-c6 0.25650280553280674 
obs r6-c5 0.036951739809542784 
error_value r1-c6 0.050777095246523601 
error_value r2-c5 0.082475930587090795 
error_value r2-c6 0.15426946176374901 
error_value r3-c5 0.160559799553744 
error_value r3-c6 0.13720152832259 
error_value r4-c5 0.362560358243674 
error_value r4-c6 0.42804078458842498 
error_value r5-c4 0.36445898671599902 
error_value r5-c5 0.536241815910381 
error_value r5-c6 0.18824348596242699 
error_value r6-c5 0.46771052478025499 
#end

#[cpue-2003]
#report.type: simulated_observation
#observation.label: cpue-2003
@observation cpue-2003
catchability CPUEq 
categories immature mature 
delta 1e-11 
layer cell 
likelihood lognormal
selectivities FishingSel FishingSel 
time_step one 
type abundance 
year 2003 
obs r3-c4 1.3872962960537896 
obs r3-c5 0.062218089958984563 
obs r3-c6 0.0079640787354848235 
obs r4-c4 0.66299725324136127 
obs r4-c5 0.26701508575263833 
obs r4-c6 0.049529380419042562 
obs r5-c4 0.2352115630234157 
obs r5-c5 0.20404394141518856 
obs r5-c6 0.20739744042076264 
obs r5-c7 0.40824675211874001 
obs r6-c5 0.028171514786709321 
error_value r3-c4 0.31731845405403503 
error_value r3-c5 0.23424971751889601 
error_value r3-c6 0.30195782436193402 
error_value r4-c4 0.22582816852851401 
error_value r4-c5 0.36965142336227802 
error_value r4-c6 0.303951784680904 
error_value r5-c4 0.40954369145846198 
error_value r5-c5 0.33400495519884699 
error_value r5-c6 0.31491238847139802 
error_value r5-c7 0.277543161787907 
error_value r6-c5 1.3618270914322901 
#end

#[cpue-2004]
#report.type: simulated_observation
#observation.label: cpue-2004
@observation cpue-2004
catchability CPUEq 
categories immature mature 
delta 1e-11 
layer cell 
likelihood lognormal
selectivities FishingSel FishingSel 
time_step one 
type abundance 
year 2004 
obs r1-c5 1.3895062203386352 
obs r1-c6 1.428370744426305 
obs r1-c7 0.6158120302525385 
obs r2-c5 1.8363623862042837 
obs r2-c6 0.00089187539079577701 
obs r3-c4 0.84566552790588267 
obs r3-c5 0.08531349050338112 
obs r3-c6 0.0071892750718148667 
obs r4-c3 0.68543038889860519 
obs r4-c4 0.24475871261943483 
obs r4-c5 0.14962953842961937 
obs r4-c6 0.064585156864656088 
obs r5-c4 0.21987220964612547 
obs r5-c5 0.13625255381454451 
obs r5-c6 0.16134860540925861 
obs r5-c7 0.1494019240946492 
error_value r1-c5 0.23630820979376199 
error_value r1-c6 0.21751168196979401 
error_value r1-c7 0.26911084257186402 
error_value r2-c5 0.46079399842601398 
error_value r2-c6 28.327990887605001 
error_value r3-c4 0.30189635566602602 
error_value r3-c5 0.29215095403416103 
error_value r3-c6 0.30271634048815099 
error_value r4-c3 0.28247099273599302 
error_value r4-c4 0.42546573218074901 
error_value r4-c5 0.42345716521719701 
error_value r4-c6 0.37009029215504302 
error_value r5-c4 0.48594996102188898 
error_value r5-c5 0.35744889491966397 
error_value r5-c6 0.52467450083867595 
error_value r5-c7 0.37219551380375898 
#end

#[cpue-2005]
#report.type: simulated_observation
#observation.label: cpue-2005
@observation cpue-2005
catchability CPUEq 
categories immature mature 
delta 1e-11 
layer cell 
likelihood lognormal
selectivities FishingSel FishingSel 
time_step one 
type abundance 
year 2005 
obs r1-c6 0.95771546418216436 
obs r1-c7 1.0208358146826542 
obs r2-c4 0.86319489115435055 
obs r2-c5 1.3392362900001546 
obs r2-c6 0.0611441095968982 
obs r2-c7 0.00018843887197148428 
obs r3-c5 0.081074069423569747 
obs r3-c6 0.0064995054695258922 
obs r4-c3 1.3036317737604515 
obs r4-c4 0.57955141592349946 
obs r4-c5 0.11227686309302524 
obs r4-c6 0.027275231045421698 
obs r5-c4 0.30524426847124397 
obs r5-c5 0.30856299985435287 
obs r5-c6 0.12908516231673001 
obs r5-c7 0.16863689798913298 
error_value r1-c6 0.26531319511583801 
error_value r1-c7 0.129954483652539 
error_value r2-c4 1.4142135623731 
error_value r2-c5 0.26628536378400203 
error_value r2-c6 0.21906106652141999 
error_value r2-c7 0.0581676698244784 
error_value r3-c5 0.25983609332507002 
error_value r3-c6 0.17503090375615399 
error_value r4-c3 0.67138039280020301 
error_value r4-c4 0.41574645952085798 
error_value r4-c5 0.380184595175453 
error_value r4-c6 0.36756138561151902 
error_value r5-c4 0.074986430005170607 
error_value r5-c5 0.27647267632686701 
error_value r5-c6 0.38764252042272401 
error_value r5-c7 0.49268950401925099 
#end

#[cpue-2006]
#report.type: simulated_observation
#observation.label: cpue-2006
@observation cpue-2006
catchability CPUEq 
categories immature mature 
delta 1e-11 
layer cell 
likelihood lognormal
selectivities FishingSel FishingSel 
time_step one 
type abundance 
year 2006 
obs r1-c6 0.72144448916884818 
obs r1-c7 1.0186345997699533 
obs r2-c4 1.3252260555907229 
obs r2-c5 1.9801533315821873 
obs r2-c6 0.08313953406261973 
obs r3-c5 0.073307848990969607 
obs r3-c6 0.0084933287774636521 
obs r4-c6 0.027866585358638594 
obs r5-c4 0.15002196821340849 
obs r5-c5 0.23755999976216735 
obs r5-c6 0.20252301964944383 
obs r5-c7 0.34493982337881263 
obs r6-c5 0.037320008725279755 
error_value r1-c6 0.395844253897014 
error_value r1-c7 0.159743484356619 
error_value r2-c4 0.120876595992953 
error_value r2-c5 0.21285491581093299 
error_value r2-c6 0.27983297816085501 
error_value r3-c5 0.15201229357187199 
error_value r3-c6 0.180914654386546 
error_value r4-c6 0.34978866283084398 
error_value r5-c4 0.79272884346921202 
error_value r5-c5 0.19975788802967301 
error_value r5-c6 0.34840628532145201 
error_value r5-c7 0.32160359845210401 
error_value r6-c5 0.190542686916962 
#end

#[cpue-2007]
#report.type: simulated_observation
#observation.label: cpue-2007
@observation cpue-2007
catchability CPUEq 
categories immature mature 
delta 1e-11 
layer cell 
likelihood lognormal
selectivities FishingSel FishingSel 
time_step one 
type abundance 
year 2007 
obs r1-c5 1.4565390955482231 
obs r2-c4 0.86794506070202804 
obs r2-c5 0.6318216628384975 
obs r3-c4 1.2475464353492922 
obs r3-c5 0.069663129648191019 
obs r3-c6 0.0084740412866575014 
obs r4-c4 0.31014277286848158 
obs r4-c6 0.039479212344005518 
obs r5-c4 0.2788983082453621 
obs r5-c5 0.14410400057257738 
obs r5-c6 0.16859310060810234 
obs r5-c7 0.28155040799119563 
obs r6-c5 0.025163262635170543 
error_value r1-c5 0.14097364380229099 
error_value r2-c4 0.26824648318461702 
error_value r2-c5 0.30698652884303601 
error_value r3-c4 0.123963289323282 
error_value r3-c5 0.23819962107002299 
error_value r3-c6 0.26093102918896199 
error_value r4-c4 1.4142135623731 
error_value r4-c6 0.140720444359795 
error_value r5-c4 0.24822317297861099 
error_value r5-c5 0.25476280233860998 
error_value r5-c6 0.45197394414153902 
error_value r5-c7 0.41656413646851798 
error_value r6-c5 0.057201608685289798 
#end

#[mature-2002]
#report.type: simulated_observation
#observation.label: mature-2002
@observation mature-2002
age_plus_group True 
categories mature 
categories2 immature 
delta 1e-11 
layer cell 
likelihood binomial
max_age 30 
min_age 1 
selectivities FishingSel 
selectivities2 FishingSel 
time_step one 
type proportions_by_category 
year 2002 
obs r1-c6 0 0 0 0 0 0 0 0 0 0 0 0 1 1 1 0.5 0 0.66666666666666663 1 1 0 1 1 1 1 1 1 1 1 1 
obs r1-c7 0 0 0 0 0 0 0 0 0 0 0 0 0 1 1 0 0 1 0 1 1 1 1 1 1 0 0 1 0 1 
obs r2-c5 0 0 0 0 0 0 0 0 0 0 0 0 1 0 1 0.5 0.5 0 1 0 0 1 1 1 1 1 1 1 1 1 
obs r2-c6 0 0 0 0 0 0 0 0 0 1 0 0 0 0.5 1 1 0 0 1 0 0 1 1 1 1 1 1 1 1 1 
obs r3-c5 0 0 0 0 0 0 0 0 1 1 1 1 1 1 1 1 1 1 1 1 1 1 1 1 1 1 1 1 1 1 
obs r3-c6 0 0 0 0 0 0 0 1 1 1 1 1 1 1 1 1 1 1 1 1 1 1 1 1 1 1 1 1 1 1 
obs r4-c5 0 0 0 0 0 0 0 0 0 0 0 1 1 1 1 1 1 1 1 1 1 1 1 1 1 1 1 1 1 1 
obs r4-c6 0 0 0 0 0 0 0 0 1 1 1 1 1 1 1 1 1 1 1 1 1 1 1 1 1 1 1 1 1 1 
obs r5-c4 0 0 0 0 0 0 0 0 0 0 0 1 1 1 1 1 1 1 0 1 1 1 0 1 0 0 0 0 0 0 
obs r5-c5 0 0 0 0 0 0 0 0 0 0 0 1 1 1 1 1 1 1 1 1 1 1 1 1 1 1 1 1 1 1 
obs r5-c6 0 0 0 0 0 0 0 0 1 1 1 1 1 1 1 1 1 1 1 1 1 1 1 1 1 1 1 1 1 1 
obs r6-c5 0 0 0 0 0 0 0 0 0 0 0 0 1 1 1 0 1 1 1 1 1 1 0 0 0 0 0 0 0 0 
error_value r1-c6 0 0 0 0 0 0 0 0 0 0 0 0.78732160276633301 0.34561403690673997 1.1365651183618899 0.339598241696144 1.9726044691326901 1.63108455705452 2.6183219698159799 1.8920437667564101 0.617082446534434 1.0161940686784601 0.50657919732526202 1.04978500403117 1.3552320767169801 0.26735423045293 0.31314890324293898 1.2539986883173699 0.36333499377425499 0.303227308894021 0.312798722780255 
error_value r1-c7 0 0 0 0 0 0 0 0 0 0 0 0 0.35137417167931201 0.0056455875913733397 0.89505562323170595 0.87507361556790997 0.92812248246776596 1.53171257719831 0.69560330022029804 0.90358397548034497 1.6866250632484401 0.034846302889152303 0.53670383340713002 0.43055641666838901 0.47892146885214498 0 0 0.33373815771864601 0 0.41091387245233402 
error_value r2-c5 0 0 0 0 0 0 0.282032631739558 0.0434208679214921 0 0.020513525757316301 0.73553424794565303 0.0127130773744205 0.15328487181016101 0.155341615630473 0.63592357724818105 1.2400732139225501 1.2373159647167 0.17305034986454501 0.23201118665137599 0.50657919732526202 0.69909732553327197 0.559418965086103 0.19462549481099201 0.96116878123798499 0.783146683373796 0.32953663195108102 0.28715415871010402 0.014287764375791301 0.48426877110503802 0.25741079235932701 
error_value r2-c6 0 0 0 0 0 0 0.0033331439996436701 0.43282548476454302 1.2428396898369301 0.36377340699987398 0.16863952424766501 0.65360459667040804 0.43693307932956998 1.06932429397864 0.37515766000661799 0.79190984898279204 0.78548054914516197 0.98716683119447202 0.25573459250227099 0.31549752224020899 0.48278485754950001 1.69542100694444 0.335987522767355 0.24443996847702201 0.33074798657163201 0.0033235215775400998 0.245391305884189 1.22096395103935 0.15641313401086299 0.16944224357797 
error_value r3-c5 0 0 0 0 0 0 0.0089066851583701201 0.87343872827321201 0.429420269753225 0.30808210264802699 0.98558483618594395 0.62986174534689598 1.4281633818908901 2.21837211417518 1.0737113584703499 1.5359095656447801 1.9272130187093801 0.81139062616637403 0.25029472203519598 0.49595671289809801 0.45497851136490802 0.59890783167815198 0.17275259668746901 0.0045239809966920999 0.0122004553356337 0.57953107822336603 0.36797214598043798 0.22012613227379299 0.16809816260303401 0.40570765761032501 
error_value r3-c6 0 0 0 0 0 0 0 0.0033331439996436701 0.53591831747372398 0.0057399505419457502 0.20790392510136399 0.229489122789303 0.61818680863532804 1.54447548840176 1.0907575747659799 1.31494341141029 1.7313828728143501 1.9583689919687299 1.0947818318765401 0.69909537059045601 0.81419831591220404 1.13967257207004 1.1185632279050199 0.52105668210904998 0.68788564589022705 0.28899821370204098 0.59992320982914205 0.37011471705655202 0.175447061042419 0.99990700864819604 
error_value r4-c5 0 0 0 0 0 0 0 0 0 0 0 0.24123729644396899 0.29827943473660901 0.929913359972252 0.83248974372635698 1.4550936279994899 1.22366669277156 0.91049472641454399 0.54788486309179096 0.77900488358161502 1.0412328196584799 0.949959911691727 0.45901543026270403 1.12932970893785 1.27677231957611 0.53124123451963001 0.39209397394692402 0.69444444444444398 0.23091696433787701 0.33029462280354099 
error_value r4-c6 0 0 0 0 0 0 0 0 0.041328187092372397 0.28505223154564702 0.25533386051264401 0.45839408964996597 1.48358927721014 1.2263784186831399 0.87835719097856901 2.1126284478096302 3.1215273008777702 3.6699402533726802 2.8341779183529998 1.08960473498634 3.1548826541396799 2.58475408649621 2.2144274376417199 1.34269820575239 1.1487795939983201 1.86628445161098 1.72222566667356 1.72222566667356 0.90702947845805004 0.39505689016746898 
error_value r5-c4 0 0 0 0 0 0 0 0 0 0 0 2.5355998214937698 0.0097816423438141491 0.0063856880485641298 0.0100120108086465 0.0065542866922602 1.09188305059022 1.17380673741591 0 0.0055368925057888603 0.86694478255290996 0.0065851716987047702 0 0.0055368925057888603 0 0 0 0 0 0 
error_value r5-c5 0 0 0 0 0 0 0 0 0 0 0 0.149766603724755 0.0033331439996436701 0.67517887176260205 0.84013774898532401 2.23433230330614 2.2210327358014901 1.6063715119650599 3.13258673349518 1.22909916863732 2.9021763420389002 1.78252801688411 0.67407065878273598 1.8713940575753101 0.68076114542147304 1.0454957950159101 1.51293025845388 0.79152999582072203 0.21314889985326799 1.2263784186831399 
error_value r5-c6 0 0 0 0 0 0 0 0 0.0094718833063976698 0.27183338570656601 0.0099264086832093808 0.84013774898532401 0.97642519020762697 1.8212249194563299 1.7968935304645299 3.52002365455896 4.5077330159889302 4.9602928556902004 3.5068523895692199 1.1789102389533199 5.3832612873530996 3.3915665306648499 2.2276676319893101 2.5600000000000001 1.9077561734989801 2.49570115476092 3.0563841752653 2.1626297577854698 1.58620383353742 1.71322058057619 
error_value r6-c5 0 0 0 0 0 0 0 0 0 0 0 0 0.91049472641454399 0.38340250553537403 2.0176911157024802 0 0.46977447536761002 0.47958502466985398 0.57305243830947195 0.547074682259024 0.40881469901426598 1.34894330526182 0 0 0 0 0 0 0 0 
#end

#[mature-2003]
#report.type: simulated_observation
#observation.label: mature-2003
@observation mature-2003
age_plus_group True 
categories mature 
categories2 immature 
delta 1e-11 
layer cell 
likelihood binomial
max_age 30 
min_age 1 
selectivities FishingSel 
selectivities2 FishingSel 
time_step one 
type proportions_by_category 
year 2003 
obs r3-c4 0 0 0 0 0 0 0 1 1 1 1 1 1 1 1 1 1 1 1 1 1 1 1 1 1 1 1 1 1 1 
obs r3-c5 0 0 0 0 0 0 1 1 0.75 1 1 1 1 1 1 1 1 1 1 1 1 1 1 1 1 1 1 1 1 1 
obs r3-c6 0 0 0 0 0 1 1 1 1 1 1 1 1 1 1 1 1 1 1 1 1 1 1 1 1 1 1 1 1 1 
obs r4-c4 0 0 0 0 0 1 1 1 1 1 1 1 1 1 1 1 1 1 1 1 1 1 1 1 1 1 1 1 1 1 
obs r4-c5 0 0 0 0 0 1 1 1 1 1 1 1 1 1 1 1 1 1 1 1 1 1 1 1 1 1 1 1 1 1 
obs r4-c6 0 0 0 0 0 0 0 0 1 1 1 1 1 1 1 1 1 1 1 1 1 1 1 1 1 1 1 1 1 1 
obs r5-c4 0 0 0 0 0 0 1 1 1 1 1 1 1 1 1 1 1 1 1 1 1 1 1 1 1 1 1 1 1 1 
obs r5-c5 0 0 0 0 0 0 0 1 0 1 1 1 1 1 1 1 1 1 1 1 1 1 1 1 1 1 1 1 1 1 
obs r5-c6 0 0 0 0 0 0 0 1 1 1 1 1 1 1 1 1 1 1 1 1 1 1 1 1 1 1 1 1 1 1 
obs r5-c7 0 0 0 0 0 0 0 0 0 0 1 1 1 1 1 1 1 1 1 1 1 1 1 1 1 1 1 1 1 1 
obs r6-c5 0 0 0 0 0 0 0 0 0 0 0 0 0 0 0 1 0 0 0 0 1 0 1 1 0 0 1 1 1 1 
error_value r3-c4 0 0 0 0 0 0.084064689123315398 0.020315187699332601 0.44862181136439799 1.9726044691326901 0.017715588974242601 0.0033272340585819601 0.46621524598448799 0.076144360265162095 1.04112441436752 0.89218004193246203 1.20458706755324 0.94477774103642098 1.0341422048946001 0.83516722135689603 0.51034468680146605 0.57566381233359698 0.35027128511031802 0.99273614959342504 0.50112527680907504 0.541880596610537 0.39524691865502198 0.37874125344417803 0.23351119102383 0.42581730308611099 0.25231473538239801 
error_value r3-c5 0 0 0 0 0 0.090779021077163902 0.0086148170235262698 0.28750296487432497 3.1661199832828899 0.041984030953986298 0.64444907015665898 2.2336385972749602 2.8127100742836699 3.7695308818817499 3.23656018383662 4.3581340213374196 3.3530717490292901 2.3771037368070802 2.8533519752329002 3.62391056188733 3.2314354036062798 2.2310223659992201 2.4553977007655901 1.9679112393314599 2.0101310605451501 1.6623556244140201 1.4914243102162601 1.92927285706017 1.7399747007678501 1.8649340186344201 
error_value r3-c6 0 0 0 0 0 0.155122429601951 0.017478210264827099 0.73176389491577798 3.1437050450178599 0.0493176581431123 0.35606854746820998 1.2999404627268101 2.0034900797188699 2.6691365076484099 2.0392972581648401 3.0070846915332501 1.9049941326180699 2.0016012810248198 2.5176106867538399 2.5680402257821 1.9954304642369001 1.37923234686038 2.9179955704827201 1.55916484894031 1.5131477407191101 1.5626464981092001 1.4090818141082899 0.99454096464506303 0.94058777329953502 1.6765190100490599 
error_value r4-c4 0 0 0 0 0 0.32283057851239699 0.036897052353522801 0.57566414372261299 1.2624668602449201 0.949959911691727 0.34971381170219401 0.37720931495770699 0.209692666040944 0.82484703211789401 0.56212618608625298 0.98143420906707801 0.36597956443308099 0.43360584015033998 0.45086211599510001 0.19577237389469401 0.27229763656543399 1.5547166995230099 0.46661900931184902 0.16402837953411301 0.18668903450218699 1.71771427197257 1.10803324099723 0.0106389694855843 0.208138290410361 0.018302684786056199 
error_value r4-c5 0 0 0 0 0 0.1010374933972 0.010716321815430601 0.085346595511503101 0.301564425771575 0.15046454423386799 0.34561403690673997 0.0031986555922599502 0.43974136172069 0.82046838899390895 2.1754074538161001 2.2477516863756999 2.2210327358014901 4.91639667454929 2.9320698067179598 3.2937967925006801 2.0584221370950302 1.8310960391561599 3.17741745863797 1.8410476297432301 2.12496493807852 2.2013049335646202 2.0466597489567202 1.4621400759435601 1.25119489112102 1.57034189483734 
error_value r4-c6 0 0 0 0 0 0 0 0 0.020581806506320698 0.47041910578973001 0.0207075826549892 0.249730041824787 0.221986916091166 0.37189749166298802 0.034705775540813201 0.17193294408861001 0.60924158561215103 0.36407523978905498 0.45252431639414098 0.459866316861688 0.31396917952946102 0.37117361757314099 0.29633598336725397 0.33760972316002702 0.54205683465911403 0.60580029550938397 0.183663195493493 0.33078441886304799 0.0033305968927222901 0.63097454017730403 
error_value r5-c4 0 0 0 0 0 0 0.088052197342584695 0.46977447536761002 0.15394228488220599 0.012359890444897499 0.0039668716708921997 0.18813355149300001 1.95062576074405 0.20522048067561899 3.3791089965397898 2.2545067590112602 3.5068523895692199 6.0966316110349004 3.18877551020408 4.7881483751418497 2.6353516613256902 3.7412688139055499 2.337999981296 2.4111724084719 2.9021763420389002 2.9421369917826099 1.57034189483734 1.09188305059022 0.90358397548034497 1.5942250790735599 
error_value r5-c5 0 0 0 0 0 0 0 0.19069049026525001 0 0.0087099497457674598 0.42440768602319401 0.71575608177942696 2.3026565748904502 3.93675988914084 3.93675988914084 6.25 3.8296421965295799 9.1273354569600507 5.3336462405794496 9.3519999251839998 5.7233121952336203 0.0033312774798536699 0.17977460219925501 0.0286082285618947 0.021235279571480602 0.196719892512251 4.6248121170077496 2.3237656157049398 2.2210327358014901 0.0116203162078613 
error_value r5-c6 0 0 0 0 0 0 0 0.0066660665429160298 0.59906641489902102 0.30795724567966798 0.54305060851535902 0.98029604940692106 0.0078160071278858597 6.0368610737161097 0.155008719240457 0.187741635218378 0.0082108210410500003 12.8467003250215 7.5890383929452296 10.2073104757627 0.012156129682807101 6.9618006001072104 10.5414066453027 0.175532675846441 0.0141084297726808 8.7016298152644005 0.0089126911615168003 3.7703836365350201 3.52002365455896 5.8912244320859601 
error_value r5-c7 0 0 0 0 0 0 0 0 0 0 0.223552358756825 0.28323468741228602 1.0412328196584799 1.53171257719831 3.8296421965295799 3.1215273008777702 3.4166891598703 4.91639667454929 4.43213296398892 3.35439895879456 3.31783902508618 2.1882987290361 5.5363321799307998 2.0943241720613002 2.2887432739557001 3.0886981446190198 2.0062756301711802 1.3520822065981599 1.4172335600907 1.3364963747535801 
error_value r6-c5 0 0 0 0 0 0 0 0 0 0 0 0 0 0 0 0.0241492082983925 0 0 0 0 1.0348870782964501 0 0.0215628308546859 0.0033331439996436701 0 0 1.08960473498634 0.021831285034846201 0.98614563990497495 0.0244828721621199 
#end

#[mature-2004]
#report.type: simulated_observation
#observation.label: mature-2004
@observation mature-2004
age_plus_group True 
categories mature 
categories2 immature 
delta 1e-11 
layer cell 
likelihood binomial
max_age 30 
min_age 1 
selectivities FishingSel 
selectivities2 FishingSel 
time_step one 
type proportions_by_category 
year 2004 
obs r1-c5 0 0 0 0 0 0 0 0 0 0 0 1 0.5 0.33333333333333331 1 1 0 1 1 1 1 1 1 1 1 1 1 1 1 1 
obs r1-c6 0 0 0 0 0 0 0 0 0 0 0 0 0 0 1 0.5 0 0 0 1 1 1 1 0 1 1 0 1 0 1 
obs r1-c7 0 0 0 0 0 0 0 0 0 0 0 0.5 0 0 0 1 0 1 0 1 1 1 1 1 1 1 1 1 0 1 
obs r2-c5 0 0 0 0 0 0 0 0 0 0 1 0 0 0 1 1 1 1 1 1 1 1 1 1 1 1 1 1 1 1 
obs r2-c6 0 0 0 0 0 0 0 0 0 0.5 0 0 0 0 0 1 1 1 1 1 0 1 1 1 0 1 1 1 0 0 
obs r3-c5 0 0 0 0 0 0 0 0.66666666666666663 1 1 1 1 1 1 1 1 1 1 1 1 1 1 1 1 1 1 1 1 1 1 
obs r3-c6 0 0 0 0 0 1 1 1 1 1 1 1 1 1 1 1 1 1 1 1 1 1 1 1 1 1 1 1 1 1 
obs r4-c4 0 0 0 0 0 0 0 1 1 1 1 0 1 1 1 1 1 1 1 1 1 1 1 1 1 1 1 1 1 1 
obs r4-c5 0 0 0 0 0 0 0 0 0 0 0 1 1 1 1 1 1 1 1 1 1 1 1 1 1 1 1 1 1 1 
obs r4-c6 0 0 0 0 0 0 0 0 1 1 1 1 1 1 1 1 1 1 1 1 1 1 1 1 1 1 1 1 1 1 
obs r5-c4 0 0 0 0 0 0 0 0 0 0 0 0 0 0 1 1 1 1 1 1 1 1 1 1 1 1 1 1 1 1 
obs r5-c5 0 0 0 0 0 0 0 0 0 0 0 0 0 0 0 0 0 0 0 0 0 0 0 0 0 0 0 0 0 0 
obs r5-c6 0 0 0 0 0 0 0 1 1 1 1 1 1 1 1 1 1 1 1 1 1 1 1 1 1 1 1 1 1 1 
obs r5-c7 0 0 0 0 0 0 0 1 1 1 1 1 1 1 1 1 1 1 1 1 1 1 1 1 1 1 1 1 1 1 
error_value r1-c5 0 0 0 0 0.032082244502057697 0.35813527557255997 0.89505562323170595 1.80656723320615 1.27677231957611 3.48073067498329 2.95225611412241 0.84013774898532401 1.6145464174022299 2.337999981296 0.23619728047175201 0.18214664188986601 0.47117137916574398 0.23777837011011799 0.84789163266621204 0.21243284466698001 0.12789591523468 0.094548476658581196 0.17765457235790799 0.0663806942106277 0.19876570472678801 0.039330270003483499 0.31847296037177297 0.14281525718242899 0.39111373939543997 0.017598989564573501 
error_value r1-c6 0 0 0 0 0.28143447150124201 0.83553636421364297 1.7042859382775799 2.2887432739557001 1.30017201275729 3.6699402533726802 0.028742923635915501 0.021544976474178398 0.026371639053275001 0.48180580816901802 0.68076114542147304 1.63108455705452 0.204130582333519 0.16166306023323099 0.98614563990497495 0.17398042685401799 0.092375390678620994 0.41409307818574198 0.0033331439996436701 0 0.43974136172069 0.11566650801077299 0 0.21593123367559899 0 0.00329339054391827 
error_value r1-c7 0 0 0 0 0.38010037690753401 3.4166891598703 3.2116750812553798 6.0966316110349004 4.3584189399453503 5.2125685452763699 3.0351224368390999 1.2825626628053 1.1317338162064301 0.60185817693547095 1.5625 0.226353679888362 0.16623484395369001 0.0033112328189317699 0.42056318457172398 0.034761298508305803 0.0057450850165723898 0.152393004490565 0.22249911000356001 0.0052954163448024399 0.26707796673543899 0.15500031000062001 0.0055171692680055402 0.20679952709084101 0 0.126171932220943 
error_value r2-c5 0 0 0 0 0 0 0 0.040878201110611703 0.32991530084481402 0.44682433012096401 0.60561098578328199 0.35346630264350398 0.25898516662458199 0.44208352195563599 0.112318547981754 0.0029937496644193802 0.0033331439996436701 1.0265159330670599 0.33095257085611801 0.00331035932924308 0.14421837893061801 0.23078671730127201 0.0033009712602884802 0.535134524792515 0.40159287799126397 0.37730381710725702 0.236107215342058 0.24434768818986999 0.15672320613051 0.0033331439996436701 
error_value r2-c6 0 0 0 0 0 0 0.0786388805094793 0.665302353307484 0.44682433012096401 1.26530865306629 0.99800299600499398 1.10338252948238 1.2022930132348399 0.13762243752182199 0.193723363037582 0.14732997568318801 0.187716401814467 0.27279517392601899 0.213447171824973 0.29376987536812998 0 0.17722697210199301 0.122562207061005 0.23158419335983299 0 0.0033331439996436701 0.21334584962317801 0.0033331439996436701 0 0 
error_value r3-c5 0 0 0 0 0 0 0.12755102040816299 2.1626297577854698 0.46366275026196901 0.74414451286439798 1.3796871421436501 1.4893430061197099 4.0572395353649302 4.89174566835921 5.7676779328642303 4.1739536941577198 4.8217402624955401 4.3190947177471601 4.4678560099365097 2.7430026003664598 3.0486875400140199 3.0430654624242299 2.0613244009275999 1.88884166784719 0.97755819648333198 1.97094822319018 0.81108197524415604 1.3016189536545599 0.87193536517525005 2.7546312237449202 
error_value r3-c6 0 0 0 0 0.33999439009256299 1.0672085240079201 0.47562425683709902 1.8868494143219401 0.17736707446313199 0.38408947748467498 0.98937412193046703 2.5346486470045502 5.1446151313420199 4.3083949074772203 6.4334746553265996 5.0686806224339804 5.6780758136682596 5.2875082617316602 6.3067210726471199 3.93006064083569 4.2476192094331102 4.06646225916377 2.6551045712935402 3.02874276887664 1.17887549424355 2.44061376554976 1.71922627940522 1.96608503317768 1.1216571811857701 3.3320449426221899 
error_value r4-c4 0 0 0 0 0 0 0 0.0033331439996436701 0.111930429417735 0.25050075100125202 0.0057723974620754103 0 0.74444587543484897 0.53907077136714798 0.98224011645438802 1.2102420363048401 1.9837333862328901 1.3552320767169801 1.22096395103935 1.6866250632484401 3.23482221417111 1.42741114722461 0.84789163266621204 1.09646117156876 0.46466479778484998 1.54699141110369 1.1341456084180801 1.05844298802689 0.96305620107072598 0.56193792159392597 
error_value r4-c5 0 0 0 0 0 0 0 0 0 0 0 0.28874020051852001 0.85417228996757599 1.0121088705269801 1.6063715119650599 1.7042859382775799 1.7730465016906001 1.8611957438175699 1.5742849991105301 2.6353516613256902 1.4981520294716499 2.0525283043653202 0.80580437003826 2.3962656595960898 0.27440255018754001 1.4138652105740199 1.0412328196584799 1.55860106203076 1.39061943752225 1.15124610878815 
error_value r4-c6 0 0 0 0 0 0 0 0 0.084603485460552602 0.019604704846855499 0.76811935960352795 1.09188305059022 3.35439895879456 0.420027410988841 0.45051031555995102 0.52077583100199398 0.97057036538092001 0.51515960159617002 0.61072581098280398 0.31932068993705598 0.17444067342473099 0.42815110651372001 0.23009399339630199 5.8063579619683603 0.310198617072525 0.42705969824815798 4.3402777777777803 3.8296421965295799 2.9624275316165098 4.6049844351526099 
error_value r5-c4 0 0 0 0 0 0 0 0 0 0 0 0 0 0 0.288430143949716 0.63693902391642399 0.26325481407497098 0.949959911691727 0.565323082141444 0.54869684499314098 0.31847296037177297 1.2539986883173699 0.0033331439996436701 1.1103696309464499 0.44267198581324801 1.2456154336734699 1.3181465278043201 0.91397987050733198 1.1487795939983201 0.26379593379671701 
error_value r5-c5 0 0 0 0 0 0 0 0 0 0 0 0 0 0 0 0 0 0 0 0 0 0 0 0 0 0 0 0 0 0 
error_value r5-c6 0 0 0 0 0 0 0 0.034716569930680397 0.039851279805917898 0.011800311169485401 0.0074582452377836301 0.36990949054585298 0.24780905816450299 0.30760740804768699 0.0042623203456482704 0.22330071505355001 0.35295267857552498 0.32837595105884798 0.062308459899988698 0.225853902789318 0.40432383913571701 0.31400358654896598 0.32450875054071299 0.440681416861264 0.15648480055308001 0.25368033081944602 0.036532849881953197 3.84467512495194 3.7124899298710599 0.47048638882877097 
error_value r5-c7 0 0 0 0 0 0 0 0.0135208220659816 0.26379593379671701 0.13646569409386 0.13902165456900201 0.12577243138736599 0.27019833909080998 0.57311253981699395 0.45230776467693501 0.37669763497923803 0.40046309552366399 0.34113101989646699 0.41986516450107197 0.0064063256777250402 0.213629840157881 0.231463907369996 0.00332695611295748 0.0065869320300938998 0.259782567186916 0.29140619809327101 2.8057652865107201 0.0033282969322268401 1.4105088551745899 0.34317443213210802 
#end

#[mature-2005]
#report.type: simulated_observation
#observation.label: mature-2005
@observation mature-2005
age_plus_group True 
categories mature 
categories2 immature 
delta 1e-11 
layer cell 
likelihood binomial
max_age 30 
min_age 1 
selectivities FishingSel 
selectivities2 FishingSel 
time_step one 
type proportions_by_category 
year 2005 
obs r1-c6 0 0 0 0 0 0 0 0 0 0 0 0 0 0.5 1 0.5 1 1 1 0.5 1 1 1 1 1 1 1 1 1 1 
obs r1-c7 0 0 0 0 0 0 0 0 0 1 0 0 1 0 1 0 1 1 0 0 1 1 1 1 1 1 1 1 0 1 
obs r2-c4 0 0 0 0 0 0 0 0 0 0 0 1 0 1 1 0 1 0 0 0.5 0 1 0 0 0 0 0 0 0 0 
obs r2-c5 0 0 0 0 0 0 0 0 0 0 0 0 1 0.25 0.80000000000000004 0.66666666666666663 0.5714285714285714 0.80000000000000004 0.59999999999999998 0.75 0.5 1 1 1 1 1 1 1 1 1 
obs r2-c6 0 0 0 0 0 0 0 0 0 0 0 0 0.59999999999999998 0.59999999999999998 0.625 0.33333333333333331 0.625 0.2857142857142857 0.66666666666666663 0.59999999999999998 0.75 1 1 1 1 1 1 1 1 1 
obs r3-c5 0 0 0 0 0 0 1 1 1 1 1 1 1 1 1 1 1 1 1 1 1 1 1 1 1 1 1 1 1 1 
obs r3-c6 0 0 0 0 0 1 1 1 1 1 1 1 1 1 1 1 1 1 1 1 1 1 1 1 1 1 1 1 1 1 
obs r4-c3 0 0 0 0 0 1 1 1 1 1 1 1 1 1 1 1 1 1 1 1 1 1 1 1 1 1 1 1 1 1 
obs r4-c4 0 0 0 0 0 1 1 1 1 1 1 1 1 1 1 1 1 1 1 1 1 1 1 1 1 1 1 1 1 1 
obs r4-c5 0 0 0 0 0 1 1 1 1 1 1 1 1 1 1 1 1 1 1 1 1 1 1 1 1 1 1 1 1 1 
obs r4-c6 0 0 0 0 0 0 1 1 1 1 1 1 1 1 1 1 1 1 1 1 1 1 1 1 1 1 1 1 1 1 
obs r5-c4 0 0 0 0 0 0 0 0 1 1 1 1 1 1 1 1 1 1 1 1 1 1 1 1 1 1 1 1 1 1 
obs r5-c5 0 0 0 0 0 0 0 0 0 0 0 0 1 1 1 1 1 1 1 1 1 1 1 1 1 1 1 1 1 1 
obs r5-c6 0 0 0 0 0 0 1 1 1 1 1 1 1 1 1 1 1 1 1 1 1 1 1 1 1 1 1 1 1 1 
obs r5-c7 0 0 0 0 0 1 1 1 1 0 1 1 1 1 1 1 1 1 1 1 1 1 1 1 1 1 1 1 1 1 
error_value r1-c6 0 0 0 1.66064406419386 3.23482221417111 0.0033301771024815 0.35722042500657297 0.30232003417425701 0.28614972383690201 0.31316057308384898 0.62157628015188804 0.42319856010921902 0.91033227127901695 1.0519915251562699 1.1964513253689599 1.1961708179774899 1.65807507432322 1.0392741709190301 1.1773986554107401 1.06760502030585 0.54329578435069104 0.58375310045865503 0.59631927888302205 0.45092737724403997 0.12455885923017899 0.16668105679790399 0.713340029218408 0.40527506018334603 0.145815574211524 0.45440500209026302 
error_value r1-c7 0 0 0 5.6153275982120796 10.078105316200601 11.2607540200892 3.5465897766003098 1.6822527382868899 2.1187832251694498 0.271550152190283 0.24242653445693199 0.058485603037742202 0.22376390580792599 0.12052297812760999 0.17058512061050399 0.151320269350079 0.120193737882218 0.15232139326550601 0.40363660435055698 0.30456753846078899 0.056909971782328699 0.396550958384356 0.12234090513429299 0.100913122480073 0.0033331439996436701 0.16824129300836299 0.28293345405160703 0.0033331439996436701 0 0.25924896611512299 
error_value r2-c4 0 0 0 0 0 0 0 0 0 0 0 0.0069421302082047602 0.0065653215187308801 0.21368923132350801 0.60279310211797399 0.010823618486324699 0.22784103530966399 0.190357842286243 0 1.12454441894228 0 0.55196289043095004 0 0 0 0 0 0 0 0 
error_value r2-c5 0 0 0 0 0 0.024119213942275598 0.37797637496465902 0.101944011125762 0.37365116599714598 0.59019160570479201 0.70686314634682501 1.33443646747978 2.1300116511637301 3.5728321840723201 4.6572930881113299 5.5569756715605099 6.42009232092758 4.6469049289720603 4.1485341154702997 3.5498757543486001 3.4863005818635702 2.0899340416816399 1.8646384372838201 1.2452292155678599 1.3039084656257101 0.74379747287370601 0.482677198039558 1.11482098761991 0.81043516316085895 2.27791989466898 
error_value r2-c6 0 0 0 7.3046018991964896 8.2573655700885205 0.037732880262062403 0.84285052046019604 0.95884171920320205 0.46260230449964002 0.928914795290402 1.15521864245636 2.0100462109623898 4.0903643287507601 4.90424462372183 7.0782929988604 8.1416649704864597 7.9349335449315603 6.0233343974557396 5.1681723275380902 4.8576466644969196 3.1242970331675401 2.1784356653487098 2.23459692340696 1.7670685569588001 1.51221872731672 1.0348860073063 0.45942348784204601 1.1600968448846101 0.79417709355009103 2.2663300411112299 
error_value r3-c5 0 0 0 0.44862181136439799 1.0828124103296 0.089049788003622204 0.36120642947444498 0.42473215328583402 0.65739304215204197 0.82336377034737696 1.23518854535551 1.9478558976206899 3.5545192157308798 5.1258656305583603 5.9585878146879203 7.9068259628537296 7.9592486469277297 6.6312997347480103 5.2028594915765698 4.76258513120922 2.3964494205385298 2.12144419434975 2.2342873740420499 1.8633910736114001 1.7999013654051801 1.46927237224309 0.53477279910243702 1.6813165381020001 0.89268816973929999 2.87458749669422 
error_value r3-c6 0 0 0 1.73586700481356 3.5068523895692199 0.25523688663066602 0.019868958654366001 0.11100552019351401 0.033944437301026198 0.35011198331786397 0.46462420961614098 1.5391719255040801 3.3683529764451099 5.3522875677064397 6.31995399073495 8.7925228385780692 9.0503470808105497 7.6903555251359297 6.7283431455004203 5.5659143405783 4.2343276946202897 3.76730133136429 3.28338214628124 2.2844297834817402 2.2888323292988901 1.87210876203064 0.72559988970881695 1.6829973509621701 1.7258131600156701 4.2104376749963199 
error_value r4-c3 0 0 0 0 0.51239771901031395 1.1487795939983201 0.21158307301562601 0.43225653906885902 0.951814396192742 0.50442277892562004 0.66421835779981597 0.50015104561577595 0.20793267306392299 0.187346680160624 0.20571551765635701 0.126050600240353 0.156655640198339 0.14186115594711801 0.51831706595221805 1.1789102389533199 1.0987610370546199 0.87507361556790997 0.84789163266621204 0.65776967405539299 0.84477724913494801 0.208693285773525 0.61805308334322195 0.53279343598486895 0.27126736111111099 0.54065743944636702 
error_value r4-c4 0 0 0 0.56702714472347204 0.18483345396796799 0.10507264459966 0.81898405028562105 0.0033160666846419602 0.74316290130796703 0.27202261051938598 0.30766939815558397 0.419721892274179 0.669736291335286 1.21710766534408 1.41517577898351 1.54956836773117 1.30750060798778 0.99267307999654597 0.34595360554577498 0.280538274397853 0.70179526246090096 0.33042122097249599 0.23836964696263399 0.33938432967522297 0.35136083809398 0.250750936366684 2.6268161149915001 0.14509212116410899 2.6525480376449599 0.1261674112857 
error_value r4-c5 0 0 0 0 0 0.090018002700360006 0.028133000673729099 0.52969580629236201 0.23473649420107001 0.015701477480768299 0.30069535801541097 0.0096880545260759707 0.28755198939968302 0.013731847664594499 0.0151875517601256 0.32183637259511799 0.0033322856072003399 0.38413521559588998 10.892178326743601 12.755102040816301 0.20923916454986399 0.189532786518609 0.0033307228238081302 0.217409973247703 0.0033311573103396398 0.0033301541239952599 0.18071284349671399 0.19416683979876601 2.9320698067179598 0.23142823155968301 
error_value r4-c6 0 0 0 0 0 0 0.103124720274196 0.049470624738795099 0.074273843203460602 0.0032915541846598099 0.055062556019268002 0.24389042295964899 0.17024403290408599 0.56579231009039699 0.58546569697934803 0.81476152337591601 0.84380424079135297 0.87218328408404999 0.77936005187420498 0.69104202226537403 0.57455381587043997 0.54870015676363504 0.30873631140379298 1.9949567493376701 0.18430784570853001 0.0033293202816431799 0.17567794999292 0.16336855504924 2.1626297577854698 0.47256969221535999 
error_value r5-c4 0 0 0 0 0 0 0 0 0.021224890106009 0.015938225732166598 0.31385103060832198 0.016252674215015299 0.0121056918905302 0.34888804147860097 0.22217951438223599 0.94076828782993904 1.18147448015123 1.79208579073097 1.8017206432142701 1.80656723320615 0.93712895550417996 0.96684775725159999 0.25050075100125202 0.165919338313679 1 0.73679750962441704 0.033033822273543602 0.29795389103945402 0.31036382399267498 0.86052299145328603 
error_value r5-c5 0 0 0 0 0 0 0 0 0 0 0 0 0.72307834698505302 0.257672189440594 0.28874020051852001 1.96707509702598 1.49084398168647 3.1105263321606702 2.8151885050223 2.7140798319441801 1.01824594916305 1.9837333862328901 1.08960473498634 0.54065743944636702 0.77900488358161502 0.78592626125446396 1.0628122010840699 0.90702947845805004 0.59262736006438299 2.03499789377718 
error_value r5-c6 0 0 0 0 0 0 0.0065468642448318799 0.045520821701814998 0.031292627403786202 0.29313401002342399 0.114500320600898 1.1662133983924901 0.190617283574089 0.15433696915220699 0.29634432602854399 0.64345923685734496 0.22061487129549001 0.58798453600670297 0.39586369937794003 0.48416584035696603 0.581453156098659 0.30187722351442398 0.30153323619942701 0.31438898657653402 0.42877068443378002 0.16609077458758001 3.2937967925006801 0.32889089439247599 0.0057747220079142703 0.251269160529836 
error_value r5-c7 0 0 0 0 0 0.0050715657775691203 0.090072043223051498 0.41730932302412399 0.0187088215330154 0 0.011054717190984 0.21513074786332101 0.181006613981675 0.17484314821173899 0.24743600624429499 0.21578362254093 0.26516442182886601 0.221861869243932 6.2813675793493697 6.5746219592373398 4.6850696201345601 3.3667199730662398 0.235452563372057 2.3166971312339402 2.49570115476092 2.1690044920083 1.76833408782254 0.21610127370090701 1.1611920332937 3.06709892314157 
#end

#[mature-2006]
#report.type: simulated_observation
#observation.label: mature-2006
@observation mature-2006
age_plus_group True 
categories mature 
categories2 immature 
delta 1e-11 
layer cell 
likelihood binomial
max_age 30 
min_age 1 
selectivities FishingSel 
selectivities2 FishingSel 
time_step one 
type proportions_by_category 
year 2006 
obs r1-c6 0 0 0 0 0 0 0 0 0 0 0 1 1 1 0.5 0 0.5 0 1 1 0 1 1 1 1 1 1 1 1 1 
obs r2-c4 0 0 0 0 0 0 0 0 0 0 0 0 0.5 0.5 0.5 1 0.66666666666666663 1 0.5 0 1 1 1 1 1 1 1 1 1 1 
obs r2-c6 0 0 0 0 0 0 0 0 0 0 0.5 0.66666666666666663 0.25 0.16666666666666666 0.7142857142857143 0.69999999999999996 0.5714285714285714 0.66666666666666663 0.33333333333333331 0.66666666666666663 0.33333333333333331 1 1 1 1 1 1 1 1 1 
obs r3-c5 0 0 0 0 0 0 0.59999999999999998 1 1 1 1 1 1 1 1 1 1 1 1 1 1 1 1 1 1 1 1 1 1 1 
obs r3-c6 0 0 0 0 0 0 1 1 1 1 1 1 1 1 1 1 1 1 1 1 1 1 1 1 1 1 1 1 1 1 
obs r4-c6 0 0 0 0 0 0 0 1 1 1 1 1 1 1 1 1 1 1 1 1 1 1 1 1 1 1 1 1 1 1 
obs r5-c4 0 0 0 0 0 0 0 0 0 1 1 1 1 1 1 1 1 1 1 1 1 1 1 1 1 1 1 1 1 1 
obs r5-c6 0 0 0 0 0 0 0 0 0 1 1 1 1 1 1 1 1 1 1 1 1 1 1 1 1 1 1 1 1 1 
obs r5-c7 0 0 0 0 0 0 0 0 0 0 1 1 1 1 1 1 1 1 1 1 1 1 1 1 1 1 1 1 1 1 
error_value r1-c6 0 0 0 0 0.078992909912377895 0 8.2573655700885205 4.0647762747138403 1.9781571883264999 3.5465897766003098 0.44095249266034597 0.687956157929968 0.35266041728896502 1.15062087502416 1.68118086143707 0.84699680343406403 1.38797706506698 0.81578711219520095 0.96574875466698096 0.18542125391122999 0.093599217510541594 0.46654150913115 0.13911686665411799 0.16296279396450999 0.27363187482983498 0.063976968291415096 0.59262736006438299 0.284444444444444 0.17788400219793499 0.25726563165272898 
error_value r2-c4 0 0 0 0 2.7051592797783899 0 30.189590629151098 0.231081955757511 0.39591886830550699 0.26064466287046401 0.89346661472647404 0.97372879705544402 1.2621210954706299 1.8713415273141001 1.84276089808795 1.98402857001141 2.1851236780001702 1.60930823885353 1.3364320738352 0.453617600362894 0.71556760253368201 0.48430629661145402 0.320845903808473 0.211873698698227 0.48518064245679998 0.18735222593179601 0.39461399253863899 0.14418851783575901 0.015678600234639701 0.54899174920300098 
error_value r2-c6 0 0 0 0 0.44326162542265002 0.066734998856495795 0.096192424865780293 0.069194397993860596 0.25171341320367702 3.8903088516197299 1.3290502474026999 2.99182633046517 3.58058463785967 5.3578795655831204 6.8782886817759801 9.4091080165600296 6.8982643966777903 5.8684068449097397 5.4133059059167401 2.1595473588735801 2.0008643734093101 3.0238430020713301 1.2370955470745799 1.4143451369864 1.293083940544 0.47531476532046402 1.3575723348479301 0.76515484821240698 0.31410734618555902 1.2853057421034 
error_value r3-c5 0 0 0 0 1.1586935035531301 0 4.9824617346938798 0.26084202937185602 0.37195226959695599 0.75532123812257301 2.9665139900799802 3.5665373202465198 5.0406782736685001 6.72893171480096 9.4296032965893097 9.7761266986020097 8.7783210583143898 7.5282497572139402 7.1689726862140697 2.5248827191976901 2.7882958493427998 3.8596179750128301 1.8962055031676099 1.9185719685124001 1.98822572724327 1.2318608489984999 1.5691197238349299 1.1858176212498499 0.52007245649463896 2.05353989206594 
error_value r3-c6 0 0 0 0 1.95608587216979 0 3.8750077500155 0.25993673139957701 0.066088611610447295 0.58141157427649204 1.5291338221464501 2.16348130103112 3.3260382228312602 4.4583545105172604 6.4358347277641901 6.4622443374584 6.4614092333538 5.5204394269783901 4.8759556873147103 1.80481307550977 1.7828998509495699 2.2535008135137899 1.1389093576209599 1.3615074610608899 0.979898364941588 0.42255407741444201 0.91538040463475401 0.58451297794164903 0.27294364259667703 1.3551145410565799 
error_value r4-c6 0 0 0 0 0 0 0 0.0141285704716635 0.33143652211725599 0.120353091901019 0.32690411019806798 1.02030405060708 3.1105263321606702 3.84467512495194 0.34770877304005299 7.9349335449315603 7.1111111111111098 0.17718680858385 0.33687399127294199 0.13717503919090901 0.017604125674726499 0.21980244156552101 1.9343818972804501 1.8868494143219401 0.081478548857267394 0.099154008087595794 0.071588372015275001 0.084701394972684196 1.0941685194586901 0.23111015380149599 
error_value r5-c4 0 0 0 0 0 0 0 0 0 0.20717621103300299 0.28781152719703801 0.53591831747372398 0.0106237406352257 0.87671309739230396 2.1690044920083 0.42886630478927901 1.3364963747535801 2.46445637788988 0.98418997228520999 1.0519395134779801 2.2276676319893101 1.0519395134779801 0.073046018991964903 0.28113610473556899 0.26057402895133802 0.95928690448668097 0.35600161767135102 0.37134949520606397 0.49245921822099098 1.2400732139225501 
error_value r5-c6 0 0 0 0 0 0 0 0 0 0.0064806258708503001 0.72678168713647295 1.43425723403492 1.9183400986794099 2.44140625 5.4589920517075701 6.6425762567754303 5.4335718671383004 8.4998597523140802 7.75909559981688 2.0408163265306101 4.48865268600977 3.0886981446190198 1.9781571883264999 1.54315034142201 1.6394490795313099 1.6145464174022299 1.7968935304645299 0.91748506334316904 0.82344919812517103 2.1947873799725599 
error_value r5-c7 0 0 0 0 0 0 0 0 0 0 0.41784900524776603 0.92278078142922104 0.0033267728817642801 2.6268161149915001 0.47384718902001299 0.26939154417657601 0.21715064478540999 0.34777757954455701 0.12986142746797699 0.195008066508671 0.20495431978120701 0.0076494934773151599 0.0033264329254322701 0.23574352801505399 0.0033281938808725898 0.19258879787998301 0.00331982772086026 0.20160639979355499 0.92278078142922104 0.20773833611564199 
#end

#[mature-2007]
#report.type: simulated_observation
#observation.label: mature-2007
@observation mature-2007
age_plus_group True 
categories mature 
categories2 immature 
delta 1e-11 
layer cell 
likelihood binomial
max_age 30 
min_age 1 
selectivities FishingSel 
selectivities2 FishingSel 
time_step one 
type proportions_by_category 
year 2007 
obs r2-c4 0 0 0 0 0 0 0 0 0 0 0 0 1 0.5 1 0.25 1 0.33333333333333331 0.33333333333333331 0 0 1 1 1 1 1 1 1 1 1 
obs r2-c5 0 0 0 0 0 0 0 0 0 0 0 0 0 0.5 0.5 1 0.5 1 1 1 1 1 1 1 1 1 1 1 1 1 
obs r3-c4 0 0 0 0 0 0 1 0 1 1 1 1 1 1 1 1 1 1 1 1 1 1 1 1 1 1 0 1 0 1 
obs r3-c5 0 0 0 0 0 0 0 1 1 1 1 1 1 1 1 1 1 1 1 1 1 1 1 1 1 1 1 1 1 1 
obs r3-c6 0 0 0 0 0 1 1 1 1 1 1 1 1 1 1 1 1 1 1 1 1 1 1 1 1 1 1 1 1 1 
obs r4-c4 0 0 0 0 0 0 0 0 0 0 0 1 1 1 1 1 1 1 1 1 0 1 1 1 1 1 1 1 0 1 
obs r4-c6 0 0 0 0 0 0 0 0 1 1 1 1 1 1 1 1 1 1 1 1 1 1 1 1 1 1 1 1 1 1 
obs r5-c4 0 0 0 0 0 1 1 1 1 1 1 1 1 1 1 1 1 1 1 1 1 1 1 1 1 1 1 1 1 1 
obs r5-c5 0 0 0 0 0 1 1 1 1 1 1 1 1 1 1 1 1 1 1 1 1 1 1 1 1 1 1 1 1 1 
obs r5-c6 0 0 0 0 0 0 0 0 0 0 1 1 1 1 1 1 1 1 1 1 1 1 1 1 1 1 1 1 0 1 
obs r5-c7 0 0 0 0 0 0 0 1 1 1 1 1 1 1 1 1 1 1 1 1 1 1 1 1 1 1 1 1 1 1 
obs r6-c4 0 0 0 0 0 0 0 0 0 0 0 0 0 0 1 0 1 1 1 1 1 0 0 1 0 1 0 0 0 0 
obs r6-c5 0 0 0 0 0 1 1 1 1 1 1 1 1 1 1 1 1 1 1 1 1 1 1 1 1 1 1 1 0 1 
error_value r2-c4 0 0 0 0 0.0282448136167117 0.108517565412761 0.54481186556658301 0.200163934262161 0.55775372495825204 0.32929399367755502 0.76194888237337899 0.67219976701556095 0.57415498739729798 1.7975007549503199 2.3850353342984798 3.21957501609787 3.40384975407185 2.5466936276632 2.2929889569651798 0.95218416765297098 1.21912861563069 0.61588717932294301 0.57547133980086396 0.38724507656609702 0.150082320152604 0.48706240487062402 0.20031248748047001 0.17023658459106999 0.27354212986467302 0.48586214050452903 
error_value r2-c5 0 0 0 0.068064766892807299 7.6733603947176601 9.2386433976035001 6.5746219592373398 7.3046018991964896 1.9236651206811299 3.3915665306648499 0.34365902701194301 0.77029674141369497 0.64424978079401196 1.0866671375557599 1.50892149835905 1.7925515896347499 1.3159193341448201 1.1218182430082699 1.16005916301731 0.96979665303779095 0.91926212667616003 0.555932972273399 0.216362313406436 0.62045131628746697 0.30624973011742501 0.230794174293452 0.43492443187996099 0.144543156177868 0.35515349023540999 0.39710068845346402 
error_value r3-c4 0 0 0 0 0.12745996132099999 0.71940324062383798 0.18309756775022001 0.49453929708162497 0.27584563237059501 0.54951063330550998 1.1341456084180801 0.0074236996786837201 0.00332374673924657 0.34994694804267701 0.89469446184128099 0.627698318145126 0.99722372913808 0.53748587755856703 0.67390349162877095 0.215476700181194 0.50442277892562004 0.42798820293317402 0.00603311400108266 0.195222209728001 0.011036143690635001 0.0032946196850824599 0 0.0074832112845269697 0 0.21539719458077899 
error_value r3-c5 0 0 0 0.76677473078539204 0.034313102808301001 0.15574960571987301 0.987640664721673 2.2016490351273101 3.9833654658147601 3.4529194433893902 5.2889904375052899 4.4419766796224298 4.4230369456276 10.1287362375796 12.3977188197372 14.574709963271699 16.3609888581666 12.308449750753899 11.651480903222801 5.0185435183001204 5.5181547290586002 3.3875338753387498 2.9919964096043099 4.5436990253765597 2.12465341591153 1.82615047479912 1.7378821820153501 0.63818449275500999 2.2477516863756999 3.6916715888954501 
error_value r3-c6 0 0 0 0.56788206679542397 0.032875346876003797 0.39624345356284302 1.1628434312718801 1.65890024866915 1.4607197842809001 1.54815537287322 2.3647314492729601 1.93686591851992 3.19380657029888 5.2275828179807897 5.6448062138026804 9.2424004362413008 7.1528199992847199 6.9060773480663 7.4677579550291604 2.77031332243677 2.9846024360325099 1.76097882246868 1.6163131251091001 3.0515715593530701 1.25681665935618 1.4126428711683801 1.02264023209843 0.54830994425881097 2.1947873799725599 1.94061711624297 
error_value r4-c4 0 0 0 0 0 0 0 0 0 0 0 0.214642020038979 0.14131798808406701 0.14020248884654199 0.15959457869983701 0.140024624730505 0.79719387755102 0.76409604381632401 0.76010425589973896 0.53124123451963001 0 0.236566791321595 0.46720915879458202 0.91397987050733198 0.99601196807980796 0.288430143949716 0.0148358927721014 0.218563899669553 0 0.30898519682820502 
error_value r4-c6 0 0 0 0 0 0 0 0 0.064352698089831697 0.43453907788200402 1.5742849991105301 2.1003990758244102 0.17871424039746001 0.28981055084291402 0.19041116053127 0.61633243985674002 0.55335627179531999 0.64656078156267305 0.36173246700819001 0.45398643216148798 0.51791305897061701 0.46830313636659499 0.205018651571827 0.48237754243113501 0.013118664234518801 0.50486181932005203 0.25885376962273399 0.19371867205850299 0.0096932428859424508 5.5363321799307998 
error_value r5-c4 0 0 0 0 0.33412409368839602 1.0121088705269801 0.0189178698463419 0.234133641141027 0.62859477637740802 0.75976468568155098 0.77242862373302401 1.08325813716431 1.2089617919715301 1.2568103410354901 2.4332084286339999 1.3870837535041201 1.1101428198737799 0.91596564762435195 1.3193708711937799 0.40211011302913202 0.64200304951448495 0.35057582078563998 0.57954552040289997 0.69103342666891499 0.181226756535807 0.23397088840618099 0.171312607477247 0.212918851302797 0.21061317709767 0.47630433560784502 
error_value r5-c5 0 0 0 0.0134550312203144 1.00401203208019 0.012809340940322701 0.0659323995107816 0.74641292608048904 0.28116598408937898 0.106121738613668 0.24559639523434901 0.42141016483458599 0.62702804382926003 0.90691020228632002 1.5026476651860601 1.05894848533303 1.7179532991575199 1.0268237159312701 1.15393358650636 0.33542976939203401 0.47208780833234998 0.70384616738165695 0.64867459563247398 0.91369426693395295 0.21874462024949601 0.40148243373833598 0.325170576355091 0.104381246239013 0.0080062143595361606 0.36948674965092698 
error_value r5-c6 0 0 0 0 0 0 0 0 0 0 0.21295222267817701 0.91049472641454399 1.09646117156876 0.17656558051761301 0.095785431438177096 0.213139995464381 0.33211193633546998 0.29726516052318702 0.32926450212573199 4.2164026495874198 0.10750855902515501 0.11457755313448099 0.236813457066786 0.22452167341391699 2.3026565748904502 1.44115269156882 0.93712895550417996 0.36333499377425499 0 0.180151291054227 
error_value r5-c7 0 0 0 0 0 0 0 0.0069991638588879296 0.165379982836865 0.11398904314519499 0.19439243906720399 0.30923974336812199 0.69170739670387604 0.62852247564946795 0.36063535293939403 0.72615682227965295 0.78526651552903803 0.79764026105170505 1.0887399250729199 0.862894666448067 0.421158674900038 0.0033305862546885098 0.34240337034485502 0.16640604706262499 0.19047078473391901 3.4166891598703 0.29475978993059299 0.0196312027288 0.0033331439996436701 0.22023395012053401 
error_value r6-c4 0 0 0 0 0 0 0 0 0 0 0 0 0 0 0.93351070036640305 0 1.12454441894228 1.04978500403117 1.1487795939983201 0.90015806775669804 0.95367431640625 0 0 0.82195676671798401 0 0.88831957474365297 0 0 0 0 
error_value r6-c5 0 0 0 0.060191012566920402 0.90875962490037698 0.0065854615596895203 0.0241606814819804 0.70770907495346802 0.48516698962615901 0.48845750492975698 0.57844092816631298 0.70125194509758304 0.57210005343414505 0.58574004154068404 0.42677956408735301 0.407650623848132 0.39618003213020098 0.69002588287086597 0.47141948650160997 0.17059335610527199 0.257446909298364 0.19538008166496701 0.13582547730091399 0.56278135550391695 0.443852443918134 0.22568141682793499 0.027407501668911299 0.0032987361664282601 0 0.0059846223930685597 
#end

