[MCMC_objectives]
report.type: MCMC_objectives
Original covariance matrix:
1.4961e-009 -2.82829 6.40938e-006 3.33788e-006
-2.82829 5.83449e+009 -6405.04 -3098.07
6.40938e-006 -6405.04 0.211802 0.158556
3.33788e-006 -3098.07 0.158556 0.24515
Proposal distribution covariance matrix:
1e-006 -61.1071 0.000165705 8.6296e-005
-73.1213 5.83449e+009 -6405.04 -3098.07
0.000165705 -6405.04 0.211802 0.158556
8.6296e-005 -3098.07 0.158556 0.24515
Cholesky decomposition matrix:
0.001 0 0 0
-73121.3 22085.5 0 0
0.165705 0.258609 0.342732 0
0.086296 0.145435 0.311163 0.346019
MCMC objective function values:
iteration score penalty prior likelihood acceptance_rate acceptance_rate_since_adapt stepsize
500 282.704 0 0 282.704 0.00652886 0.00652886 1.2
1000 280.102 0 0 280.102 0.00651572 0.00651572 1.2
1500 281.308 0 0 281.308 0.00962995 0.218436 0.0325786
2000 282.607 0 0 282.607 0.0126272 0.203542 0.0325786
2500 283.322 0 0 283.322 0.015514 0.195567 0.0325786
3000 282.951 0 0 282.951 0.0183569 0.200985 0.0325786
3500 280.938 0 0 280.938 0.021092 0.200562 0.0325786
4000 281.209 0 0 281.209 0.0237127 0.197226 0.0325786
4500 281.167 0 0 281.167 0.026249 0.194878 0.0325786
5000 283.303 0 0 283.303 0.0286405 0.189547 0.0325786
5500 282.83 0 0 282.83 0.0310261 0.189115 0.0325786
6000 283.132 0 0 283.132 0.0333339 0.188523 0.0325786
6500 287.216 0 0 287.216 0.0355963 0.188822 0.0325786
7000 280.953 0 0 280.953 0.0378039 0.189328 0.0325786
7500 281.244 0 0 281.244 0.039931 0.189234 0.0325786
8000 282.922 0 0 282.922 0.0420056 0.189312 0.0325786
8500 281.02 0 0 281.02 0.0439215 0.187257 0.0325786
9000 282.549 0 0 282.549 0.0458487 0.186815 0.0325786
9500 282.335 0 0 282.335 0.0477339 0.186629 0.0325786
10000 281.626 0 0 281.626 0.0495258 0.185797 0.0325786
10500 281.964 0 0 281.964 0.0514046 0.213038 0.0252208
11000 281.374 0 0 281.374 0.0531935 0.205044 0.0252208
11500 281.938 0 0 281.938 0.0549272 0.201261 0.0252208
12000 280.935 0 0 280.935 0.0567033 0.20591 0.0252208
12500 284.211 0 0 284.211 0.058367 0.204132 0.0252208
13000 280.785 0 0 280.785 0.0600848 0.20767 0.0252208
13500 281.19 0 0 281.19 0.0617922 0.211365 0.0252208
14000 281.316 0 0 281.316 0.0633949 0.211383 0.0252208
14500 281.963 0 0 281.963 0.0649857 0.212154 0.0252208
15000 282.398 0 0 282.398 0.066632 0.215499 0.0252208
15500 280.872 0 0 280.872 0.0682513 0.218367 0.0252208
16000 280.698 0 0 280.698 0.0697715 0.218938 0.0252208
16500 282.615 0 0 282.615 0.0712937 0.220175 0.0252208
17000 282.617 0 0 282.617 0.0728444 0.222512 0.0252208
17500 281.939 0 0 281.939 0.0743122 0.223361 0.0252208
18000 281.781 0 0 281.781 0.0756967 0.22299 0.0252208
18500 280.827 0 0 280.827 0.077093 0.223361 0.0252208
19000 281.085 0 0 281.085 0.0784353 0.223198 0.0252208
19500 281.301 0 0 281.301 0.0796448 0.221332 0.0252208
20000 280.675 0 0 280.675 0.0809117 0.220907 0.0252208
20500 282.147 0 0 282.147 0.0822253 0.234522 0.0232144
21000 282.503 0 0 282.503 0.0834788 0.228415 0.0232144
21500 284.633 0 0 284.633 0.0846693 0.222354 0.0232144
22000 282.633 0 0 282.633 0.0858449 0.219949 0.0232144
22500 285.364 0 0 285.364 0.0869673 0.216732 0.0232144
23000 283.932 0 0 283.932 0.0880561 0.214072 0.0232144
23500 281.738 0 0 281.738 0.0892034 0.215252 0.0232144
24000 283.985 0 0 283.985 0.0902873 0.21465 0.0232144
24500 281.389 0 0 281.389 0.0913961 0.215507 0.0232144
25000 280.805 0 0 280.805 0.0924474 0.215137 0.0232144
25500 283.821 0 0 283.821 0.0935227 0.215873 0.0232144
26000 281.1 0 0 281.1 0.0945788 0.21645 0.0232144
26500 281.433 0 0 281.433 0.0957432 0.219602 0.0232144
27000 286.007 0 0 286.007 0.0968311 0.221148 0.0232144
27500 281.643 0 0 281.643 0.0978543 0.221585 0.0232144
28000 283.702 0 0 283.702 0.0988278 0.221374 0.0232144
28500 283.571 0 0 283.571 0.0998567 0.222362 0.0232144
29000 280.728 0 0 280.728 0.100854 0.222988 0.0232144
29500 281.36 0 0 281.36 0.101812 0.223178 0.0232144
30000 282.642 0 0 282.642 0.102772 0.223584 0.0232144
30500 282.783 0 0 282.783 0.103787 0.254972 0.0216265
31000 281.802 0 0 281.802 0.104751 0.248016 0.0216265
31500 281.229 0 0 281.229 0.105666 0.241935 0.0216265
32000 280.569 0 0 280.569 0.106622 0.243398 0.0216265
32500 282.277 0 0 282.277 0.107578 0.245146 0.0216265
33000 280.703 0 0 280.703 0.108554 0.248201 0.0216265
33500 280.931 0 0 280.931 0.109474 0.248227 0.0216265
34000 283.819 0 0 283.819 0.110387 0.248463 0.0216265
34500 283.303 0 0 283.303 0.111313 0.249612 0.0216265
35000 280.651 0 0 280.651 0.112244 0.251092 0.0216265
35500 282.601 0 0 282.601 0.113198 0.253445 0.0216265
36000 284.376 0 0 284.376 0.114136 0.255287 0.0216265
36500 280.353 0 0 280.353 0.115058 0.256704 0.0216265
37000 280.265 0 0 280.265 0.116039 0.25976 0.0216265
37500 283.398 0 0 283.398 0.116981 0.261716 0.0216265
38000 280.406 0 0 280.406 0.117907 0.263348 0.0216265
38500 281.746 0 0 281.746 0.118809 0.26446 0.0216265
39000 280.317 0 0 280.317 0.119735 0.266186 0.0216265
39500 281.186 0 0 281.186 0.12067 0.268127 0.0216265
40000 280.115 0 0 280.115 0.121651 0.271003 0.0216265
40500 280.612 0 0 280.612 0.122534 0.292227 0.0244201
41000 282.203 0 0 282.203 0.123402 0.290867 0.0244201
41500 281.405 0 0 281.405 0.124214 0.283447 0.0244201
42000 280.793 0 0 280.793 0.125019 0.280073 0.0244201
42500 280.253 0 0 280.253 0.125813 0.277932 0.0244201
43000 280.175 0 0 280.175 0.126523 0.271493 0.0244201
43500 281.339 0 0 281.339 0.127288 0.270563 0.0244201
44000 280.814 0 0 280.814 0.128083 0.271758 0.0244201
44500 281.069 0 0 281.069 0.128835 0.271166 0.0244201
45000 280.343 0 0 280.343 0.129651 0.273583 0.0244201
45500 282.168 0 0 282.168 0.13041 0.273768 0.0244201
46000 281.296 0 0 281.296 0.131223 0.276002 0.0244201
46500 280.641 0 0 280.641 0.132081 0.279594 0.0244201
47000 280.12 0 0 280.12 0.132955 0.283458 0.0244201
47500 280.601 0 0 280.601 0.133822 0.286917 0.0244201
48000 280.954 0 0 280.954 0.134699 0.290476 0.0244201
48500 282.891 0 0 282.891 0.135604 0.294617 0.0244201
49000 280.198 0 0 280.198 0.136493 0.298181 0.0244201
49500 280.448 0 0 280.448 0.137456 0.303456 0.0244201
50000 282.176 0 0 282.176 0.13835 0.306805 0.0244201
50500 279.754 0 0 279.754 0.139097 0.302297 0.0312176
51000 279.466 0 0 279.466 0.139878 0.3125 0.0312176
51500 281.372 0 0 281.372 0.140665 0.318066 0.0312176
52000 282.938 0 0 282.938 0.141335 0.30689 0.0312176
52500 280.062 0 0 280.062 0.141974 0.298258 0.0312176
53000 281.259 0 0 281.259 0.142511 0.285769 0.0312176
53500 280.815 0 0 280.815 0.142935 0.271486 0.0312176
54000 281.02 0 0 281.02 0.143415 0.264428 0.0312176
54500 281.482 0 0 281.482 0.143908 0.25995 0.0312176
55000 280.81 0 0 280.81 0.144407 0.256858 0.0312176
55500 281.332 0 0 281.332 0.144886 0.253948 0.0312176
56000 282.441 0 0 282.441 0.145441 0.253893 0.0312176
56500 286.074 0 0 286.074 0.145777 0.248329 0.0312176
57000 285.165 0 0 285.165 0.146061 0.242676 0.0312176
57500 280.454 0 0 280.454 0.146437 0.239939 0.0312176
58000 280.753 0 0 280.753 0.146842 0.238244 0.0312176
58500 280.33 0 0 280.33 0.147171 0.23549 0.0312176
59000 280.819 0 0 280.819 0.147454 0.232426 0.0312176
59500 281.638 0 0 281.638 0.147833 0.231267 0.0312176
60000 281.466 0 0 281.466 0.148169 0.229674 0.0312176
60500 285.185 0 0 285.185 0.148449 0.227549 0.0312176
61000 283.556 0 0 283.556 0.14875 0.225961 0.0312176
61500 283.139 0 0 283.139 0.14903 0.224325 0.0312176
62000 281.419 0 0 281.419 0.149376 0.223643 0.0312176
62500 280.209 0 0 280.209 0.14986 0.224602 0.0312176
63000 282.613 0 0 282.613 0.150369 0.225824 0.0312176
63500 281.33 0 0 281.33 0.150897 0.227223 0.0312176
64000 280.714 0 0 280.714 0.151425 0.228579 0.0312176
64500 281.65 0 0 281.65 0.151948 0.229849 0.0312176
65000 280.336 0 0 280.336 0.152465 0.231036 0.0312176
65500 283.851 0 0 283.851 0.152971 0.232098 0.0312176
66000 280.284 0 0 280.284 0.153439 0.232781 0.0312176
66500 282.405 0 0 282.405 0.153889 0.233295 0.0312176
67000 280.725 0 0 280.725 0.15441 0.234463 0.0312176
67500 282.14 0 0 282.14 0.154799 0.23444 0.0312176
68000 281.49 0 0 281.49 0.155213 0.234665 0.0312176
68500 281.04 0 0 281.04 0.155729 0.23578 0.0312176
69000 282.803 0 0 282.803 0.156174 0.236283 0.0312176
69500 282.977 0 0 282.977 0.156628 0.236869 0.0312176
70000 282.214 0 0 282.214 0.157005 0.236849 0.0312176
70500 281.109 0 0 281.109 0.157373 0.236783 0.0312176
71000 281.864 0 0 281.864 0.15779 0.237119 0.0312176
71500 282.704 0 0 282.704 0.158236 0.237693 0.0312176
72000 280.228 0 0 280.228 0.158706 0.238441 0.0312176
72500 279.603 0 0 279.603 0.1592 0.239367 0.0312176
73000 279.597 0 0 279.597 0.159671 0.240114 0.0312176
73500 279.602 0 0 279.602 0.160125 0.240749 0.0312176
74000 279.617 0 0 279.617 0.160646 0.241843 0.0312176
74500 281.145 0 0 281.145 0.161172 0.242971 0.0312176
75000 280.211 0 0 280.211 0.161726 0.244277 0.0312176
75500 280.946 0 0 280.946 0.162346 0.246011 0.0312176
76000 281.83 0 0 281.83 0.16299 0.247895 0.0312176
76500 280.714 0 0 280.714 0.163603 0.249548 0.0312176
77000 280.852 0 0 280.852 0.164132 0.250622 0.0312176
77500 280.318 0 0 280.318 0.164648 0.251608 0.0312176
78000 280.697 0 0 280.697 0.165159 0.25255 0.0312176
78500 282.203 0 0 282.203 0.165688 0.253608 0.0312176
79000 281.212 0 0 281.212 0.166276 0.255035 0.0312176
79500 281.348 0 0 281.348 0.166801 0.256047 0.0312176
80000 280.221 0 0 280.221 0.167347 0.257188 0.0312176
80500 281.542 0 0 281.542 0.167863 0.331345 0.0334533
81000 280.552 0 0 280.552 0.168455 0.358166 0.0334533
81500 280.254 0 0 280.254 0.168977 0.3517 0.0334533
82000 281.147 0 0 281.147 0.169434 0.338123 0.0334533
82500 283.633 0 0 283.633 0.169903 0.332403 0.0334533
83000 281.426 0 0 281.426 0.170276 0.319319 0.0334533
83500 279.617 0 0 279.617 0.170652 0.311083 0.0334533
84000 284.736 0 0 284.736 0.170947 0.30003 0.0334533
84500 279.424 0 0 279.424 0.171335 0.297265 0.0334533
85000 279.475 0 0 279.475 0.171738 0.296016 0.0334533
85500 281.282 0 0 281.282 0.172178 0.296832 0.0334533
86000 279.422 0 0 279.422 0.172651 0.299028 0.0334533
86500 280.793 0 0 280.793 0.173153 0.302185 0.0334533
87000 281.446 0 0 281.446 0.173623 0.303872 0.0334533
87500 283.59 0 0 283.59 0.174166 0.308071 0.0334533
88000 284.483 0 0 284.483 0.174742 0.313087 0.0334533
88500 281.459 0 0 281.459 0.175281 0.316526 0.0334533
89000 282.027 0 0 282.027 0.175817 0.319614 0.0334533
89500 281.758 0 0 281.758 0.176261 0.319639 0.0334533
90000 280.122 0 0 280.122 0.176725 0.320349 0.0334533
90500 281.057 0 0 281.057 0.177069 0.272628 0.044653
91000 279.884 0 0 279.884 0.17741 0.272405 0.044653
91500 280.756 0 0 280.756 0.177704 0.266146 0.044653
92000 279.786 0 0 279.786 0.178039 0.267487 0.044653
92500 280.741 0 0 280.741 0.178389 0.269862 0.044653
93000 281.537 0 0 281.537 0.178715 0.269881 0.044653
93500 282.115 0 0 282.115 0.178953 0.26475 0.044653
94000 279.607 0 0 279.607 0.179273 0.265322 0.044653
94500 280.465 0 0 280.465 0.179491 0.261279 0.044653
95000 280.808 0 0 280.808 0.179796 0.261602 0.044653
95500 284.585 0 0 284.585 0.180159 0.264131 0.044653
96000 282.14 0 0 282.14 0.180537 0.26688 0.044653
96500 279.663 0 0 279.663 0.180843 0.266962 0.044653
97000 282.551 0 0 282.551 0.181137 0.266768 0.044653
97500 281.354 0 0 281.354 0.181504 0.268702 0.044653
98000 283.651 0 0 283.651 0.181887 0.270902 0.044653
98500 289.01 0 0 289.01 0.182323 0.274335 0.044653
99000 283.568 0 0 283.568 0.182717 0.276438 0.044653
99500 282.41 0 0 282.41 0.18315 0.279354 0.044653
100000 281.962 0 0 281.962 0.183551 0.281349 0.044653
100500 283.001 0 0 283.001 0.183895 0.294118 0.0523463
101000 280.926 0 0 280.926 0.184205 0.286205 0.0523463
101500 280.326 0 0 280.326 0.184412 0.268384 0.0523463
102000 283.432 0 0 283.432 0.184662 0.26476 0.0523463
102500 285.684 0 0 285.684 0.184979 0.268586 0.0523463
103000 280.913 0 0 280.913 0.185267 0.269155 0.0523463
103500 281.416 0 0 281.416 0.185477 0.264911 0.0523463
104000 280.714 0 0 280.714 0.185689 0.261986 0.0523463
104500 280.449 0 0 280.449 0.185849 0.257496 0.0523463
105000 281.081 0 0 281.081 0.185925 0.250803 0.0523463
105500 280.762 0 0 280.762 0.186003 0.245689 0.0523463
106000 279.967 0 0 279.967 0.186129 0.243033 0.0523463
106500 280.271 0 0 280.271 0.186258 0.240937 0.0523463
107000 279.896 0 0 279.896 0.186359 0.238476 0.0523463
107500 280.391 0 0 280.391 0.186491 0.237132 0.0523463
108000 279.899 0 0 279.899 0.186551 0.234446 0.0523463
108500 281.944 0 0 281.944 0.186536 0.230665 0.0523463
109000 280.78 0 0 280.78 0.186551 0.22794 0.0523463
109500 282.177 0 0 282.177 0.186642 0.22686 0.0523463
110000 279.832 0 0 279.832 0.186789 0.226799 0.0523463
110500 279.362 0 0 279.362 0.186977 0.227401 0.0523463
111000 280.033 0 0 280.033 0.187132 0.227475 0.0523463
111500 281.684 0 0 281.684 0.187247 0.22699 0.0523463
112000 280.23 0 0 280.23 0.187354 0.226458 0.0523463
112500 284.295 0 0 284.295 0.187396 0.225128 0.0523463
113000 282.601 0 0 282.601 0.187453 0.224095 0.0523463
113500 281.874 0 0 281.874 0.187545 0.22358 0.0523463
114000 283.29 0 0 283.29 0.187527 0.221859 0.0523463
114500 280.33 0 0 280.33 0.187602 0.221286 0.0523463
115000 281.287 0 0 281.287 0.187703 0.221034 0.0523463
115500 283.821 0 0 283.821 0.187892 0.22172 0.0523463
116000 280.545 0 0 280.545 0.187926 0.220824 0.0523463
116500 282.17 0 0 282.17 0.187777 0.218225 0.0523463
117000 281.394 0 0 281.394 0.187489 0.214568 0.0523463
117500 280.191 0 0 280.191 0.187413 0.21303 0.0523463
118000 282.813 0 0 282.813 0.187217 0.210588 0.0523463
118500 283.694 0 0 283.694 0.186743 0.206117 0.0523463
119000 281.54 0 0 281.54 0.185914 0.199425 0.0523463
119500 281.808 0 0 281.808 0.185282 0.194698 0.0523463
120000 282.481 0 0 282.481 0.184578 0.189894 0.0523463
120500 282.472 0 0 282.472 0.184185 0.187345 0.0523463
121000 281.909 0 0 281.909 0.183579 0.183716 0.0523463
121500 281.241 0 0 281.241 0.183226 0.181729 0.0523463
122000 283.132 0 0 283.132 0.183001 0.180544 0.0523463
122500 282.209 0 0 282.209 0.182631 0.178651 0.0523463
123000 283.423 0 0 283.423 0.182355 0.17733 0.0523463
123500 282.349 0 0 282.349 0.18226 0.176962 0.0523463
124000 280.145 0 0 280.145 0.182273 0.177134 0.0523463
124500 283.664 0 0 283.664 0.182313 0.177431 0.0523463
125000 280.356 0 0 280.356 0.182429 0.178077 0.0523463
125500 283.068 0 0 283.068 0.182587 0.178905 0.0523463
126000 280.181 0 0 280.181 0.182719 0.179589 0.0523463
126500 279.557 0 0 279.557 0.182776 0.179909 0.0523463
127000 281.656 0 0 281.656 0.182765 0.179914 0.0523463
127500 281.123 0 0 281.123 0.182632 0.179368 0.0523463
128000 280.34 0 0 280.34 0.182549 0.179057 0.0523463
128500 280.175 0 0 280.175 0.18253 0.179036 0.0523463
129000 280.305 0 0 280.305 0.182713 0.17988 0.0523463
129500 279.492 0 0 279.492 0.18277 0.180174 0.0523463
130000 282.65 0 0 282.65 0.182913 0.180817 0.0523463
130500 282.195 0 0 282.195 0.183121 0.181725 0.0523463
131000 281.038 0 0 281.038 0.183249 0.18228 0.0523463
131500 282.09 0 0 282.09 0.183353 0.182729 0.0523463
132000 279.634 0 0 279.634 0.183486 0.183282 0.0523463
132500 280.126 0 0 280.126 0.183578 0.18366 0.0523463
133000 279.489 0 0 279.489 0.183643 0.183924 0.0523463
133500 281.005 0 0 281.005 0.183688 0.184098 0.0523463
134000 280.285 0 0 280.285 0.183864 0.18479 0.0523463
134500 280.9 0 0 280.9 0.183974 0.18521 0.0523463
135000 283.173 0 0 283.173 0.184007 0.185323 0.0523463
135500 279.944 0 0 279.944 0.183979 0.185196 0.0523463
136000 281.384 0 0 281.384 0.184112 0.185689 0.0523463
136500 283.521 0 0 283.521 0.18417 0.185887 0.0523463
137000 280.904 0 0 280.904 0.184235 0.186109 0.0523463
137500 280.989 0 0 280.989 0.184199 0.185951 0.0523463
138000 284.976 0 0 284.976 0.184198 0.185924 0.0523463
138500 280.024 0 0 280.024 0.184185 0.185852 0.0523463
139000 279.888 0 0 279.888 0.184234 0.186009 0.0523463
139500 281.926 0 0 281.926 0.184285 0.186171 0.0523463
140000 283.117 0 0 283.117 0.184451 0.186741 0.0523463
140500 280.554 0 0 280.554 0.184644 0.187401 0.0523463
141000 280.777 0 0 280.777 0.184792 0.187892 0.0523463
141500 279.687 0 0 279.687 0.184763 0.187751 0.0523463
142000 279.478 0 0 279.478 0.184725 0.18758 0.0523463
142500 280.917 0 0 280.917 0.184803 0.187818 0.0523463
143000 282.103 0 0 282.103 0.184893 0.18809 0.0523463
143500 279.828 0 0 279.828 0.184916 0.188132 0.0523463
144000 281.541 0 0 281.541 0.184996 0.188367 0.0523463
144500 281.001 0 0 281.001 0.185085 0.188627 0.0523463
145000 280.739 0 0 280.739 0.185143 0.188781 0.0523463
145500 284.367 0 0 284.367 0.185038 0.188392 0.0523463
146000 280.076 0 0 280.076 0.184885 0.187852 0.0523463
146500 280.251 0 0 280.251 0.184697 0.187211 0.0523463
147000 280.825 0 0 280.825 0.184595 0.186858 0.0523463
147500 281.17 0 0 281.17 0.184554 0.186702 0.0523463
148000 279.988 0 0 279.988 0.184682 0.187085 0.0523463
148500 283.08 0 0 283.08 0.184809 0.187458 0.0523463
149000 279.94 0 0 279.94 0.185001 0.188033 0.0523463
149500 281.241 0 0 281.241 0.185108 0.188337 0.0523463
150000 280.972 0 0 280.972 0.185183 0.188536 0.0523463
150500 281.565 0 0 281.565 0.18528 0.188803 0.0523463
151000 284.737 0 0 284.737 0.185495 0.189431 0.0523463
151500 282.266 0 0 282.266 0.185717 0.190073 0.0523463
152000 283.527 0 0 283.527 0.185945 0.190728 0.0523463
152500 280.417 0 0 280.417 0.18614 0.191279 0.0523463
153000 281.061 0 0 281.061 0.186362 0.191906 0.0523463
153500 279.429 0 0 279.429 0.186469 0.192181 0.0523463
154000 279.979 0 0 279.979 0.186589 0.192489 0.0523463
154500 281.886 0 0 281.886 0.186653 0.192626 0.0523463
155000 281.114 0 0 281.114 0.186708 0.192735 0.0523463
155500 283.887 0 0 283.887 0.186879 0.193191 0.0523463
156000 279.826 0 0 279.826 0.187072 0.193709 0.0523463
156500 280.259 0 0 280.259 0.187178 0.193962 0.0523463
157000 281.801 0 0 281.801 0.18727 0.194172 0.0523463
157500 281.428 0 0 281.428 0.187446 0.194629 0.0523463
158000 279.717 0 0 279.717 0.187568 0.194923 0.0523463
158500 280.511 0 0 280.511 0.187601 0.194953 0.0523463
159000 280.271 0 0 280.271 0.187681 0.195122 0.0523463
159500 279.398 0 0 279.398 0.187763 0.195296 0.0523463
160000 279.841 0 0 279.841 0.187768 0.195244 0.0523463
160500 279.457 0 0 279.457 0.187787 0.195235 0.0523463
161000 280.16 0 0 280.16 0.187826 0.195281 0.0523463
161500 281.426 0 0 281.426 0.187886 0.195388 0.0523463
162000 285.225 0 0 285.225 0.187949 0.195506 0.0523463
162500 279.686 0 0 279.686 0.187964 0.195485 0.0523463
163000 280.433 0 0 280.433 0.1879 0.195242 0.0523463
163500 280.639 0 0 280.639 0.187743 0.194747 0.0523463
164000 280.524 0 0 280.524 0.187624 0.194363 0.0523463
164500 280.272 0 0 280.272 0.187665 0.194422 0.0523463
165000 281.499 0 0 281.499 0.187744 0.194582 0.0523463
165500 282.2 0 0 282.2 0.187865 0.194858 0.0523463
166000 280.875 0 0 280.875 0.187905 0.194911 0.0523463
166500 279.505 0 0 279.505 0.187965 0.195019 0.0523463
167000 279.55 0 0 279.55 0.188063 0.195225 0.0523463
167500 280.121 0 0 280.121 0.188164 0.195441 0.0523463
168000 279.573 0 0 279.573 0.188242 0.195592 0.0523463
168500 280.108 0 0 280.108 0.188326 0.195762 0.0523463
169000 282.363 0 0 282.363 0.18842 0.195953 0.0523463
169500 280.671 0 0 280.671 0.188535 0.1962 0.0523463
170000 280.674 0 0 280.674 0.18864 0.19642 0.0523463
170500 280.095 0 0 280.095 0.188764 0.196688 0.0523463
171000 284.662 0 0 284.662 0.18874 0.196566 0.0523463
171500 279.905 0 0 279.905 0.188768 0.196583 0.0523463
172000 280.779 0 0 280.779 0.188875 0.196805 0.0523463
172500 282.218 0 0 282.218 0.18902 0.19712 0.0523463
173000 281.843 0 0 281.843 0.189174 0.19746 0.0523463
173500 280.255 0 0 280.255 0.189327 0.197796 0.0523463
174000 285.94 0 0 285.94 0.189404 0.197934 0.0523463
174500 280.701 0 0 280.701 0.189486 0.198083 0.0523463
175000 280.412 0 0 280.412 0.189554 0.198196 0.0523463
175500 279.811 0 0 279.811 0.18961 0.198279 0.0523463
176000 280.946 0 0 280.946 0.189738 0.198544 0.0523463
176500 279.578 0 0 279.578 0.189903 0.198901 0.0523463
177000 281.82 0 0 281.82 0.189913 0.198866 0.0523463
177500 282.198 0 0 282.198 0.189911 0.198798 0.0523463
178000 283.602 0 0 283.602 0.19005 0.199086 0.0523463
178500 280.593 0 0 280.593 0.190139 0.19925 0.0523463
179000 282.075 0 0 282.075 0.190167 0.199258 0.0523463
179500 283.023 0 0 283.023 0.190278 0.199474 0.0523463
180000 282.45 0 0 282.45 0.190393 0.199698 0.0523463
180500 282.009 0 0 282.009 0.190476 0.199842 0.0523463
181000 281.298 0 0 281.298 0.190614 0.200122 0.0523463
181500 281.096 0 0 281.096 0.190808 0.200537 0.0523463
182000 282.664 0 0 282.664 0.190965 0.200858 0.0523463
182500 283.798 0 0 283.798 0.191131 0.201202 0.0523463
183000 281.706 0 0 281.706 0.19124 0.201406 0.0523463
183500 281.653 0 0 281.653 0.191333 0.201568 0.0523463
184000 280.512 0 0 280.512 0.191412 0.201697 0.0523463
184500 280.073 0 0 280.073 0.191493 0.201829 0.0523463
185000 279.541 0 0 279.541 0.191446 0.201651 0.0523463
185500 285.866 0 0 285.866 0.191568 0.20188 0.0523463
186000 281.693 0 0 281.693 0.191623 0.20195 0.0523463
186500 281.606 0 0 281.606 0.191739 0.202166 0.0523463
187000 281.524 0 0 281.524 0.191827 0.202312 0.0523463
187500 281.781 0 0 281.781 0.191898 0.202417 0.0523463
188000 282.816 0 0 282.816 0.192043 0.2027 0.0523463
188500 280.164 0 0 280.164 0.192119 0.202817 0.0523463
189000 281.71 0 0 281.71 0.192245 0.203052 0.0523463
189500 279.919 0 0 279.919 0.192308 0.203137 0.0523463
190000 280.349 0 0 280.349 0.192254 0.202945 0.0523463
190500 281.297 0 0 281.297 0.192201 0.202759 0.0523463
191000 280.264 0 0 280.264 0.192183 0.202656 0.0523463
191500 282.585 0 0 282.585 0.19214 0.202496 0.0523463
192000 282.43 0 0 282.43 0.192012 0.202141 0.0523463
192500 279.97 0 0 279.97 0.191899 0.201822 0.0523463
193000 280.928 0 0 280.928 0.191745 0.201413 0.0523463
193500 282.778 0 0 282.778 0.191546 0.200906 0.0523463
194000 280.708 0 0 280.708 0.191329 0.200362 0.0523463
194500 285.262 0 0 285.262 0.191117 0.199835 0.0523463
195000 279.437 0 0 279.437 0.191118 0.199788 0.0523463
195500 279.647 0 0 279.647 0.191162 0.199839 0.0523463
196000 279.815 0 0 279.815 0.191196 0.199867 0.0523463
196500 279.803 0 0 279.803 0.191251 0.199944 0.0523463
197000 280.646 0 0 280.646 0.191282 0.199964 0.0523463
197500 280.334 0 0 280.334 0.19127 0.199893 0.0523463
198000 280.468 0 0 280.468 0.191157 0.199596 0.0523463
198500 280.496 0 0 280.496 0.190963 0.199125 0.0523463
199000 280.842 0 0 280.842 0.190869 0.198878 0.0523463
199500 280.973 0 0 280.973 0.190855 0.198805 0.0523463
200000 282.221 0 0 282.221 0.190854 0.198763 0.0523463
200500 281.48 0 0 281.48 0.190839 0.198688 0.0523463
201000 281.69 0 0 281.69 0.190807 0.198579 0.0523463
201500 279.465 0 0 279.465 0.190824 0.198576 0.0523463
202000 282.365 0 0 282.365 0.190977 0.198865 0.0523463
202500 281.638 0 0 281.638 0.191096 0.19908 0.0523463
203000 282.941 0 0 282.941 0.191235 0.199337 0.0523463
203500 281.485 0 0 281.485 0.191307 0.199451 0.0523463
204000 279.574 0 0 279.574 0.191339 0.199477 0.0523463
204500 282.007 0 0 282.007 0.191288 0.199329 0.0523463
205000 282.314 0 0 282.314 0.19131 0.199334 0.0523463
205500 282.708 0 0 282.708 0.19132 0.199317 0.0523463
206000 284.036 0 0 284.036 0.191338 0.199316 0.0523463
206500 279.314 0 0 279.314 0.191418 0.199445 0.0523463
207000 279.906 0 0 279.906 0.191516 0.199612 0.0523463
207500 279.817 0 0 279.817 0.191635 0.199821 0.0523463
208000 281.293 0 0 281.293 0.191725 0.199971 0.0523463
208500 280.747 0 0 280.747 0.191789 0.200064 0.0523463
209000 283.399 0 0 283.399 0.191786 0.200019 0.0523463
209500 281.254 0 0 281.254 0.191855 0.200122 0.0523463
210000 282.003 0 0 282.003 0.191933 0.200247 0.0523463
210500 283.3 0 0 283.3 0.192004 0.200353 0.0523463
211000 283.37 0 0 283.37 0.192131 0.200578 0.0523463
211500 281.066 0 0 281.066 0.192214 0.200711 0.0523463
212000 281.78 0 0 281.78 0.192229 0.200701 0.0523463
212500 279.48 0 0 279.48 0.192222 0.200648 0.0523463
213000 283.793 0 0 283.793 0.192254 0.200675 0.0523463
213500 284.39 0 0 284.39 0.19231 0.200751 0.0523463
214000 279.851 0 0 279.851 0.192421 0.200939 0.0523463
214500 280.611 0 0 280.611 0.19249 0.201041 0.0523463
215000 279.934 0 0 279.934 0.192442 0.200905 0.0523463
215500 280.186 0 0 280.186 0.192353 0.200686 0.0523463
216000 280.407 0 0 280.407 0.192389 0.20072 0.0523463
216500 281.159 0 0 281.159 0.192439 0.200785 0.0523463
217000 281.876 0 0 281.876 0.192518 0.200907 0.0523463
217500 282.131 0 0 282.131 0.192589 0.201013 0.0523463
218000 280.168 0 0 280.168 0.192676 0.20115 0.0523463
218500 281.14 0 0 281.14 0.192718 0.201197 0.0523463
219000 280.506 0 0 280.506 0.192726 0.201177 0.0523463
219500 281.24 0 0 281.24 0.192749 0.201187 0.0523463
220000 280.795 0 0 280.795 0.192772 0.201195 0.0523463
220500 281.123 0 0 281.123 0.192884 0.201382 0.0523463
221000 281.354 0 0 281.354 0.192983 0.201541 0.0523463
221500 280.935 0 0 280.935 0.193052 0.201643 0.0523463
222000 280.455 0 0 280.455 0.193005 0.201512 0.0523463
222500 280.891 0 0 280.891 0.192913 0.201294 0.0523463
223000 282.883 0 0 282.883 0.192872 0.201178 0.0523463
223500 279.744 0 0 279.744 0.192836 0.201072 0.0523463
224000 281.305 0 0 281.305 0.192769 0.200907 0.0523463
224500 280.387 0 0 280.387 0.192632 0.200603 0.0523463
225000 283.807 0 0 283.807 0.192486 0.200285 0.0523463
225500 281.19 0 0 281.19 0.192418 0.200121 0.0523463
226000 280.37 0 0 280.37 0.192326 0.19991 0.0523463
226500 282.202 0 0 282.202 0.19233 0.199888 0.0523463
227000 282.483 0 0 282.483 0.192447 0.200083 0.0523463
227500 282.902 0 0 282.902 0.192547 0.200244 0.0523463
228000 280.295 0 0 280.295 0.192615 0.200345 0.0523463
228500 281.116 0 0 281.116 0.192729 0.200532 0.0523463
229000 282.731 0 0 282.731 0.192833 0.200701 0.0523463
229500 285.287 0 0 285.287 0.192834 0.20067 0.0523463
230000 279.819 0 0 279.819 0.192916 0.200796 0.0523463
230500 282.258 0 0 282.258 0.193024 0.200972 0.0523463
231000 281.903 0 0 281.903 0.193138 0.201159 0.0523463
231500 282.187 0 0 282.187 0.193271 0.20138 0.0523463
232000 281.375 0 0 281.375 0.193363 0.201525 0.0523463
232500 280.299 0 0 280.299 0.193425 0.20161 0.0523463
233000 280.536 0 0 280.536 0.193499 0.20172 0.0523463
233500 281.229 0 0 281.229 0.193561 0.201805 0.0523463
234000 281.231 0 0 281.231 0.193693 0.202024 0.0523463
234500 280.351 0 0 280.351 0.193777 0.202151 0.0523463
235000 279.711 0 0 279.711 0.193825 0.20221 0.0523463
235500 280.83 0 0 280.83 0.193792 0.202114 0.0523463
236000 279.472 0 0 279.472 0.193774 0.202048 0.0523463
236500 284.534 0 0 284.534 0.193785 0.202037 0.0523463
237000 280.228 0 0 280.228 0.193803 0.202041 0.0523463
237500 279.52 0 0 279.52 0.193831 0.202062 0.0523463
238000 282.742 0 0 282.742 0.193903 0.202165 0.0523463
238500 281.092 0 0 281.092 0.194036 0.202384 0.0523463
239000 283.811 0 0 283.811 0.194152 0.202568 0.0523463
239500 281.052 0 0 281.052 0.194257 0.202734 0.0523463
240000 281.112 0 0 281.112 0.194338 0.202853 0.0523463
240500 280.806 0 0 280.806 0.194372 0.202885 0.0523463
241000 281.895 0 0 281.895 0.194442 0.202983 0.0523463
241500 281.729 0 0 281.729 0.194476 0.203016 0.0523463
242000 281.575 0 0 281.575 0.194496 0.203022 0.0523463
242500 285.92 0 0 285.92 0.194499 0.202996 0.0523463
243000 282.22 0 0 282.22 0.194544 0.203049 0.0523463
243500 283.58 0 0 283.58 0.194622 0.203161 0.0523463
244000 281.394 0 0 281.394 0.194723 0.203316 0.0523463
244500 282.885 0 0 282.885 0.19481 0.203445 0.0523463
245000 285.283 0 0 285.283 0.194928 0.203632 0.0523463
245500 283.207 0 0 283.207 0.195059 0.203842 0.0523463
246000 281.107 0 0 281.107 0.195163 0.204002 0.0523463
246500 283.096 0 0 283.096 0.195283 0.204192 0.0523463
247000 286.166 0 0 286.166 0.195404 0.204382 0.0523463
247500 281.179 0 0 281.179 0.195487 0.204504 0.0523463
248000 280.708 0 0 280.708 0.195563 0.20461 0.0523463
248500 279.674 0 0 279.674 0.195671 0.204777 0.0523463
249000 282.644 0 0 282.644 0.195704 0.204805 0.0523463
249500 280.92 0 0 280.92 0.195652 0.204678 0.0523463
250000 280.811 0 0 280.811 0.195606 0.204563 0.0523463
250500 281.294 0 0 281.294 0.195574 0.204473 0.0523463
251000 282.609 0 0 282.609 0.19562 0.204527 0.0523463
251500 280.058 0 0 280.058 0.195613 0.204483 0.0523463
252000 280.653 0 0 280.653 0.195665 0.204546 0.0523463
252500 281.429 0 0 281.429 0.195738 0.204647 0.0523463
253000 281.721 0 0 281.721 0.195796 0.204723 0.0523463
253500 282.226 0 0 282.226 0.195906 0.204891 0.0523463
254000 282.72 0 0 282.72 0.196025 0.205076 0.0523463
254500 285.231 0 0 285.231 0.196126 0.205226 0.0523463
255000 280.886 0 0 280.886 0.196212 0.205351 0.0523463
255500 281.319 0 0 281.319 0.196226 0.205346 0.0523463
256000 280.595 0 0 280.595 0.196232 0.205324 0.0523463
256500 282.181 0 0 282.181 0.196191 0.205221 0.0523463
257000 279.935 0 0 279.935 0.196187 0.205185 0.0523463
257500 280.451 0 0 280.451 0.196172 0.205127 0.0523463
258000 283.975 0 0 283.975 0.196139 0.205038 0.0523463
258500 279.37 0 0 279.37 0.196183 0.205087 0.0523463
259000 280.006 0 0 280.006 0.196232 0.205147 0.0523463
259500 280.665 0 0 280.665 0.196299 0.205237 0.0523463
260000 281.92 0 0 281.92 0.196319 0.205242 0.0523463
260500 279.673 0 0 279.673 0.196348 0.205264 0.0523463
261000 280.473 0 0 280.473 0.196333 0.205208 0.0523463
261500 281.277 0 0 281.277 0.19627 0.205069 0.0523463
262000 281.164 0 0 281.164 0.196187 0.204894 0.0523463
262500 283.063 0 0 283.063 0.196065 0.204652 0.0523463
263000 281.703 0 0 281.703 0.195957 0.204435 0.0523463
263500 280.397 0 0 280.397 0.195982 0.204451 0.0523463
264000 282.811 0 0 282.811 0.195972 0.204406 0.0523463
264500 285.121 0 0 285.121 0.196042 0.204502 0.0523463
265000 280.253 0 0 280.253 0.196106 0.204587 0.0523463
265500 279.507 0 0 279.507 0.196147 0.204632 0.0523463
266000 284.785 0 0 284.785 0.196132 0.204579 0.0523463
266500 282.126 0 0 282.126 0.196137 0.204561 0.0523463
267000 280.954 0 0 280.954 0.19616 0.204575 0.0523463
267500 284.105 0 0 284.105 0.19618 0.204584 0.0523463
268000 279.686 0 0 279.686 0.196239 0.20466 0.0523463
268500 280.101 0 0 280.101 0.19635 0.204827 0.0523463
269000 281.889 0 0 281.889 0.196438 0.204953 0.0523463
269500 281.082 0 0 281.082 0.196528 0.205082 0.0523463
270000 279.972 0 0 279.972 0.196567 0.205124 0.0523463
270500 281.229 0 0 281.229 0.196602 0.205158 0.0523463
271000 281.112 0 0 281.112 0.196663 0.205237 0.0523463
271500 284.542 0 0 284.542 0.196735 0.205335 0.0523463
272000 282.186 0 0 282.186 0.196786 0.205396 0.0523463
272500 281.737 0 0 281.737 0.196884 0.20554 0.0523463
273000 280.628 0 0 280.628 0.196938 0.205606 0.0523463
273500 280.083 0 0 280.083 0.19697 0.205634 0.0523463
274000 280.662 0 0 280.662 0.197071 0.205782 0.0523463
274500 280.596 0 0 280.596 0.197178 0.20594 0.0523463
275000 280.317 0 0 280.317 0.197251 0.206039 0.0523463
275500 281.502 0 0 281.502 0.197348 0.206178 0.0523463
276000 281.161 0 0 281.161 0.19741 0.206259 0.0523463
276500 279.662 0 0 279.662 0.197422 0.206253 0.0523463
277000 279.886 0 0 279.886 0.197423 0.206229 0.0523463
277500 281.764 0 0 281.764 0.197382 0.206132 0.0523463
278000 282.117 0 0 282.117 0.197351 0.206054 0.0523463
278500 279.679 0 0 279.679 0.197337 0.206005 0.0523463
279000 279.956 0 0 279.956 0.19734 0.205984 0.0523463
279500 280.705 0 0 280.705 0.197387 0.206039 0.0523463
280000 280.093 0 0 280.093 0.197442 0.206108 0.0523463
280500 279.553 0 0 279.553 0.197492 0.206168 0.0523463
281000 280.46 0 0 280.46 0.197524 0.206197 0.0523463
281500 280.68 0 0 280.68 0.197453 0.206052 0.0523463
282000 283.391 0 0 283.391 0.197294 0.205758 0.0523463
282500 280.316 0 0 280.316 0.197164 0.205516 0.0523463
283000 280.638 0 0 280.638 0.19708 0.205351 0.0523463
283500 280.735 0 0 280.735 0.197047 0.205272 0.0523463
284000 282.554 0 0 282.554 0.197021 0.205206 0.0523463
284500 281.385 0 0 281.385 0.196993 0.205135 0.0523463
285000 280.596 0 0 280.596 0.196927 0.205002 0.0523463
285500 280.92 0 0 280.92 0.196892 0.204922 0.0523463
286000 279.693 0 0 279.693 0.196957 0.205007 0.0523463
286500 280.755 0 0 280.755 0.197059 0.205154 0.0523463
287000 281.647 0 0 281.647 0.197147 0.205279 0.0523463
287500 284.442 0 0 284.442 0.197236 0.205404 0.0523463
288000 280.465 0 0 280.465 0.197282 0.205458 0.0523463
288500 280.016 0 0 280.016 0.197316 0.205491 0.0523463
289000 280.958 0 0 280.958 0.197283 0.205414 0.0523463
289500 279.983 0 0 279.983 0.197359 0.205518 0.0523463
290000 281.806 0 0 281.806 0.197411 0.205581 0.0523463
290500 280.26 0 0 280.26 0.197415 0.205566 0.0523463
291000 280.665 0 0 280.665 0.197402 0.205522 0.0523463
291500 283.122 0 0 283.122 0.197363 0.205436 0.0523463
292000 280.817 0 0 280.817 0.197353 0.205397 0.0523463
292500 282.485 0 0 282.485 0.197428 0.205499 0.0523463
293000 279.518 0 0 279.518 0.197478 0.205559 0.0523463
293500 280.207 0 0 280.207 0.197463 0.205513 0.0523463
294000 282.243 0 0 282.243 0.197418 0.205418 0.0523463
294500 281.458 0 0 281.458 0.197377 0.205329 0.0523463
295000 280.437 0 0 280.437 0.197327 0.205226 0.0523463
295500 281.125 0 0 281.125 0.197317 0.205188 0.0523463
296000 280.526 0 0 280.526 0.197414 0.205327 0.0523463
296500 281.264 0 0 281.264 0.197459 0.205379 0.0523463
297000 280.265 0 0 280.265 0.19752 0.205457 0.0523463
297500 280.083 0 0 280.083 0.197556 0.205496 0.0523463
298000 281.904 0 0 281.904 0.197604 0.205553 0.0523463
298500 281.579 0 0 281.579 0.197691 0.205672 0.0523463
299000 280.508 0 0 280.508 0.197766 0.205773 0.0523463
299500 281.983 0 0 281.983 0.197796 0.205802 0.0523463
300000 279.927 0 0 279.927 0.197821 0.205822 0.0523463
300500 283.416 0 0 283.416 0.197872 0.205884 0.0523463
301000 282.867 0 0 282.867 0.197959 0.206005 0.0523463
301500 282.33 0 0 282.33 0.197958 0.205981 0.0523463
302000 280.538 0 0 280.538 0.197905 0.205875 0.0523463
302500 280.607 0 0 280.607 0.197931 0.205896 0.0523463
303000 279.673 0 0 279.673 0.197998 0.205984 0.0523463
303500 282.241 0 0 282.241 0.198045 0.20604 0.0523463
304000 281.446 0 0 281.446 0.198099 0.206107 0.0523463
304500 282.32 0 0 282.32 0.198106 0.206097 0.0523463
305000 281.734 0 0 281.734 0.198093 0.206057 0.0523463
305500 280.557 0 0 280.557 0.198174 0.206166 0.0523463
306000 280.697 0 0 280.697 0.198201 0.206189 0.0523463
306500 282.33 0 0 282.33 0.198248 0.206244 0.0523463
307000 280.532 0 0 280.532 0.198295 0.2063 0.0523463
307500 280.732 0 0 280.732 0.198273 0.206245 0.0523463
308000 284.024 0 0 284.024 0.198287 0.206248 0.0523463
308500 280.837 0 0 280.837 0.198272 0.206204 0.0523463
309000 279.943 0 0 279.943 0.19824 0.206133 0.0523463
309500 283.35 0 0 283.35 0.198202 0.206052 0.0523463
310000 280.806 0 0 280.806 0.198136 0.205928 0.0523463
310500 279.728 0 0 279.728 0.198134 0.205905 0.0523463
311000 280.596 0 0 280.596 0.198115 0.205856 0.0523463
311500 281.429 0 0 281.429 0.198162 0.205912 0.0523463
312000 279.601 0 0 279.601 0.198204 0.20596 0.0523463
312500 280.236 0 0 280.236 0.198285 0.20607 0.0523463
313000 280.339 0 0 280.339 0.198349 0.206152 0.0523463
313500 280.161 0 0 280.161 0.198416 0.206239 0.0523463
314000 281.302 0 0 281.302 0.198459 0.206289 0.0523463
314500 279.762 0 0 279.762 0.198509 0.206348 0.0523463
315000 280.837 0 0 280.837 0.198561 0.206411 0.0523463
315500 283.878 0 0 283.878 0.198615 0.206478 0.0523463
316000 281.095 0 0 281.095 0.198564 0.206379 0.0523463
316500 282.85 0 0 282.85 0.198464 0.206202 0.0523463
317000 281.777 0 0 281.777 0.198339 0.205987 0.0523463
317500 281.011 0 0 281.011 0.198224 0.205788 0.0523463
318000 280.323 0 0 280.323 0.198149 0.205651 0.0523463
318500 282.627 0 0 282.627 0.198149 0.205634 0.0523463
319000 280.354 0 0 280.354 0.198221 0.20573 0.0523463
319500 282.294 0 0 282.294 0.198306 0.205844 0.0523463
320000 280.514 0 0 280.514 0.198373 0.205932 0.0523463
320500 279.723 0 0 279.723 0.198399 0.205955 0.0523463
321000 281.395 0 0 281.395 0.19842 0.20597 0.0523463
321500 282.224 0 0 282.224 0.198461 0.206016 0.0523463
322000 280.098 0 0 280.098 0.198512 0.206079 0.0523463
322500 279.47 0 0 279.47 0.198497 0.206037 0.0523463
323000 279.397 0 0 279.397 0.198442 0.205934 0.0523463
323500 281.939 0 0 281.939 0.198498 0.206003 0.0523463
324000 280.755 0 0 280.755 0.198564 0.20609 0.0523463
324500 280.918 0 0 280.918 0.1986 0.206129 0.0523463
325000 280.861 0 0 280.861 0.198603 0.206115 0.0523463
325500 281.214 0 0 281.214 0.198586 0.206071 0.0523463
326000 280.065 0 0 280.065 0.19855 0.205998 0.0523463
326500 283.161 0 0 283.161 0.198479 0.205871 0.0523463
327000 280.694 0 0 280.694 0.198463 0.205829 0.0523463
327500 280.505 0 0 280.505 0.198395 0.205707 0.0523463
328000 281.949 0 0 281.949 0.198219 0.205418 0.0523463
328500 284.901 0 0 284.901 0.198045 0.205134 0.0523463
329000 282.197 0 0 282.197 0.197786 0.204719 0.0523463
329500 281.379 0 0 281.379 0.197521 0.204296 0.0523463
330000 281.362 0 0 281.362 0.197291 0.203928 0.0523463
330500 281.097 0 0 281.097 0.197083 0.203595 0.0523463
331000 281.207 0 0 281.207 0.196846 0.203218 0.0523463
331500 285.028 0 0 285.028 0.196621 0.202861 0.0523463
332000 281.324 0 0 281.324 0.1964 0.20251 0.0523463
332500 283.392 0 0 283.392 0.196178 0.202159 0.0523463
333000 282.438 0 0 282.438 0.195966 0.201825 0.0523463
333500 282.803 0 0 282.803 0.195627 0.201298 0.0523463
334000 282.687 0 0 282.687 0.195267 0.200743 0.0523463
334500 282.317 0 0 282.317 0.194914 0.200199 0.0523463
335000 281.876 0 0 281.876 0.194549 0.19964 0.0523463
335500 282.094 0 0 282.094 0.194218 0.199132 0.0523463
336000 282.918 0 0 282.918 0.193862 0.198589 0.0523463
336500 282.862 0 0 282.862 0.193525 0.198077 0.0523463
337000 283.306 0 0 283.306 0.193194 0.197574 0.0523463
337500 283.068 0 0 283.068 0.192894 0.197119 0.0523463
338000 284.57 0 0 284.57 0.192637 0.196729 0.0523463
338500 282.472 0 0 282.472 0.192432 0.196417 0.0523463
339000 281.067 0 0 281.067 0.192181 0.196037 0.0523463
339500 282.584 0 0 282.584 0.191968 0.195715 0.0523463
340000 284.446 0 0 284.446 0.191638 0.195222 0.0523463
340500 282.112 0 0 282.112 0.191394 0.194857 0.0523463
341000 283.733 0 0 283.733 0.191125 0.194454 0.0523463
341500 281.904 0 0 281.904 0.19083 0.194016 0.0523463
342000 283.965 0 0 283.965 0.19054 0.193587 0.0523463
342500 283.212 0 0 283.212 0.190196 0.193079 0.0523463
343000 283.293 0 0 283.293 0.189842 0.192559 0.0523463
343500 283.222 0 0 283.222 0.189473 0.192017 0.0523463
344000 285.869 0 0 285.869 0.189106 0.191481 0.0523463
344500 284.361 0 0 284.361 0.188714 0.19091 0.0523463
345000 284.291 0 0 284.291 0.188295 0.190303 0.0523463
345500 284.648 0 0 284.648 0.187915 0.189753 0.0523463
346000 283.945 0 0 283.945 0.187502 0.189157 0.0523463
346500 284.108 0 0 284.108 0.187108 0.188591 0.0523463
347000 286.097 0 0 286.097 0.186619 0.18789 0.0523463
347500 285.728 0 0 285.728 0.186116 0.187173 0.0523463
348000 288.682 0 0 288.682 0.185614 0.186458 0.0523463
348500 285.931 0 0 285.931 0.185057 0.18567 0.0523463
349000 283.315 0 0 283.315 0.184678 0.185134 0.0523463
349500 287.29 0 0 287.29 0.184315 0.184623 0.0523463
350000 283.111 0 0 283.111 0.183975 0.184146 0.0523463
350500 282.372 0 0 282.372 0.183617 0.183643 0.0523463
351000 284.514 0 0 284.514 0.183195 0.183054 0.0523463
351500 284.266 0 0 284.266 0.18283 0.182545 0.0523463
352000 283.11 0 0 283.11 0.182345 0.18187 0.0523463
352500 283.406 0 0 283.406 0.182012 0.181409 0.0523463
353000 286.088 0 0 286.088 0.181622 0.180871 0.0523463
353500 283.542 0 0 283.542 0.181228 0.180328 0.0523463
354000 284.715 0 0 284.715 0.180779 0.179711 0.0523463
354500 283.072 0 0 283.072 0.180408 0.179202 0.0523463
355000 285.922 0 0 285.922 0.179984 0.178623 0.0523463
355500 283.152 0 0 283.152 0.179616 0.178121 0.0523463
356000 282.367 0 0 282.367 0.179248 0.177622 0.0523463
356500 283.183 0 0 283.183 0.178868 0.177106 0.0523463
357000 283.074 0 0 283.074 0.178487 0.176591 0.0523463
357500 283.604 0 0 283.604 0.178134 0.176116 0.0523463
358000 284.865 0 0 284.865 0.177755 0.175606 0.0523463
358500 287.26 0 0 287.26 0.177359 0.175074 0.0523463
359000 287.199 0 0 287.199 0.176979 0.174566 0.0523463
359500 285.8 0 0 285.8 0.176559 0.174005 0.0523463
360000 283.297 0 0 283.297 0.176057 0.173334 0.0523463
360500 284.731 0 0 284.731 0.175664 0.172813 0.0523463
361000 282.703 0 0 282.703 0.175281 0.172307 0.0523463
361500 282.737 0 0 282.737 0.174851 0.171739 0.0523463
362000 282.86 0 0 282.86 0.174486 0.171258 0.0523463
362500 283.1 0 0 283.1 0.174126 0.170785 0.0523463
363000 283.308 0 0 283.308 0.173784 0.170338 0.0523463
363500 282.596 0 0 282.596 0.173426 0.16987 0.0523463
364000 284.724 0 0 284.724 0.173103 0.169449 0.0523463
364500 283.077 0 0 283.077 0.172771 0.169019 0.0523463
365000 283.989 0 0 283.989 0.172428 0.168573 0.0523463
365500 284.037 0 0 284.037 0.172107 0.168158 0.0523463
366000 283.692 0 0 283.692 0.171758 0.167707 0.0523463
366500 282.897 0 0 282.897 0.171449 0.16731 0.0523463
367000 283.173 0 0 283.173 0.171123 0.16689 0.0523463
367500 283.343 0 0 283.343 0.17077 0.166438 0.0523463
368000 284.929 0 0 284.929 0.170397 0.165959 0.0523463
368500 282.521 0 0 282.521 0.170064 0.165534 0.0523463
369000 284.908 0 0 284.908 0.169736 0.165117 0.0523463
369500 285.436 0 0 285.436 0.169349 0.164623 0.0523463
370000 283.49 0 0 283.49 0.169019 0.164204 0.0523463
370500 285.931 0 0 285.931 0.168658 0.163746 0.0523463
371000 282.5 0 0 282.5 0.168312 0.163309 0.0523463
371500 282.664 0 0 282.664 0.167987 0.162899 0.0523463
372000 283.12 0 0 283.12 0.167645 0.162469 0.0523463
372500 283.523 0 0 283.523 0.167281 0.162011 0.0523463
373000 283.812 0 0 283.812 0.166943 0.161588 0.0523463
373500 282.939 0 0 282.939 0.166606 0.161167 0.0523463
374000 284.51 0 0 284.51 0.166223 0.160687 0.0523463
374500 283.545 0 0 283.545 0.165842 0.160212 0.0523463
375000 285.319 0 0 285.319 0.165533 0.159828 0.0523463
375500 282.729 0 0 282.729 0.165236 0.15946 0.0523463
376000 282.502 0 0 282.502 0.164957 0.159117 0.0523463
376500 282.735 0 0 282.735 0.164694 0.158794 0.0523463
377000 283.453 0 0 283.453 0.164414 0.15845 0.0523463
377500 282.74 0 0 282.74 0.164164 0.158145 0.0523463
378000 282.058 0 0 282.058 0.163989 0.157935 0.0523463
378500 282.451 0 0 282.451 0.163809 0.157718 0.0523463
379000 283.149 0 0 283.149 0.163656 0.157536 0.0523463
379500 281.938 0 0 281.938 0.163513 0.157366 0.0523463
380000 285.162 0 0 285.162 0.163359 0.157184 0.0523463
380500 282.568 0 0 282.568 0.163174 0.156962 0.0523463
381000 282.782 0 0 282.782 0.162996 0.15675 0.0523463
381500 283.835 0 0 283.835 0.162853 0.156581 0.0523463
382000 282.915 0 0 282.915 0.162668 0.156359 0.0523463
382500 283.824 0 0 283.824 0.162559 0.156234 0.0523463
383000 281.36 0 0 281.36 0.162448 0.156106 0.0523463
383500 281.597 0 0 281.597 0.162344 0.155987 0.0523463
384000 281.098 0 0 281.098 0.16225 0.15588 0.0523463
384500 281.688 0 0 281.688 0.16215 0.155767 0.0523463
385000 281.555 0 0 281.555 0.162066 0.155672 0.0523463
385500 281.401 0 0 281.401 0.162 0.155601 0.0523463
386000 280.835 0 0 280.835 0.161953 0.155554 0.0523463
386500 280.948 0 0 280.948 0.161933 0.155539 0.0523463
387000 280.606 0 0 280.606 0.161976 0.155603 0.0523463
387500 282.523 0 0 282.523 0.161997 0.155639 0.0523463
388000 280.599 0 0 280.599 0.162011 0.155668 0.0523463
388500 280.097 0 0 280.097 0.162039 0.155713 0.0523463
389000 279.991 0 0 279.991 0.162082 0.155777 0.0523463
389500 280.601 0 0 280.601 0.162094 0.155802 0.0523463
390000 285.74 0 0 285.74 0.16209 0.155809 0.0523463
390500 280.383 0 0 280.383 0.16211 0.155844 0.0523463
391000 280.266 0 0 280.266 0.162133 0.155883 0.0523463
391500 279.963 0 0 279.963 0.162149 0.155913 0.0523463
392000 282.842 0 0 282.842 0.162117 0.155883 0.0523463
392500 280.668 0 0 280.668 0.162099 0.155871 0.0523463
393000 280.262 0 0 280.262 0.162113 0.155898 0.0523463
393500 281.024 0 0 281.024 0.162089 0.155878 0.0523463
394000 279.761 0 0 279.761 0.162067 0.155862 0.0523463
394500 281.834 0 0 281.834 0.162063 0.155867 0.0523463
395000 282.45 0 0 282.45 0.162028 0.155834 0.0523463
395500 284.44 0 0 284.44 0.161959 0.155759 0.0523463
396000 283.032 0 0 283.032 0.161888 0.15568 0.0523463
396500 282.211 0 0 282.211 0.161844 0.155637 0.0523463
397000 280.791 0 0 280.791 0.16183 0.155629 0.0523463
397500 280.715 0 0 280.715 0.161838 0.155649 0.0523463
398000 281.155 0 0 281.155 0.161804 0.155617 0.0523463
398500 281.501 0 0 281.501 0.161788 0.155608 0.0523463
399000 282.223 0 0 282.223 0.16177 0.155595 0.0523463
399500 280.567 0 0 280.567 0.161717 0.155539 0.0523463
400000 281.635 0 0 281.635 0.161639 0.155453 0.0523463
400500 281.589 0 0 281.589 0.161576 0.155385 0.0523463
401000 281.038 0 0 281.038 0.161509 0.155313 0.0523463
401500 282.675 0 0 282.675 0.161454 0.155255 0.0523463
402000 283.495 0 0 283.495 0.161431 0.155236 0.0523463
402500 280.661 0 0 280.661 0.161397 0.155205 0.0523463
403000 281.921 0 0 281.921 0.161368 0.155179 0.0523463
403500 282.277 0 0 282.277 0.161322 0.155132 0.0523463
404000 281.855 0 0 281.855 0.161268 0.155075 0.0523463
404500 281.148 0 0 281.148 0.161219 0.155025 0.0523463
405000 282.068 0 0 282.068 0.161152 0.154953 0.0523463
405500 284.747 0 0 284.747 0.161085 0.15488 0.0523463
406000 281.02 0 0 281.02 0.161015 0.154803 0.0523463
406500 281.864 0 0 281.864 0.160949 0.154732 0.0523463
407000 281.148 0 0 281.148 0.160906 0.154689 0.0523463
407500 280.525 0 0 280.525 0.160885 0.154674 0.0523463
408000 280.919 0 0 280.919 0.160848 0.154637 0.0523463
408500 280.489 0 0 280.489 0.160817 0.154609 0.0523463
409000 281.058 0 0 281.058 0.160814 0.154615 0.0523463
409500 280.4 0 0 280.4 0.160834 0.154649 0.0523463
410000 281.296 0 0 281.296 0.160871 0.154705 0.0523463
410500 281.488 0 0 281.488 0.160923 0.154778 0.0523463
411000 279.634 0 0 279.634 0.160975 0.154851 0.0523463
411500 280.642 0 0 280.642 0.160989 0.154878 0.0523463
412000 284.901 0 0 284.901 0.161005 0.154906 0.0523463
412500 281.427 0 0 281.427 0.161025 0.15494 0.0523463
413000 280.575 0 0 280.575 0.16103 0.154956 0.0523463
413500 280.836 0 0 280.836 0.161019 0.154952 0.0523463
414000 280.239 0 0 280.239 0.161015 0.154956 0.0523463
414500 279.867 0 0 279.867 0.160992 0.154937 0.0523463
415000 282.995 0 0 282.995 0.160977 0.154928 0.0523463
415500 280.594 0 0 280.594 0.161014 0.154983 0.0523463
416000 281.637 0 0 281.637 0.161026 0.155006 0.0523463
416500 281.405 0 0 281.405 0.16101 0.154996 0.0523463
417000 281.362 0 0 281.362 0.160969 0.154956 0.0523463
417500 281.07 0 0 281.07 0.160948 0.154939 0.0523463
418000 281.172 0 0 281.172 0.160899 0.154889 0.0523463
418500 283.187 0 0 283.187 0.16081 0.154788 0.0523463
419000 282.567 0 0 282.567 0.160714 0.154681 0.0523463
419500 281.491 0 0 281.491 0.160597 0.154548 0.0523463
420000 281.845 0 0 281.845 0.160535 0.154482 0.0523463
420500 281.76 0 0 281.76 0.160435 0.15437 0.0523463
421000 282.001 0 0 282.001 0.16033 0.154251 0.0523463
421500 282.312 0 0 282.312 0.160225 0.154133 0.0523463
422000 281.077 0 0 281.077 0.16014 0.154038 0.0523463
422500 282.162 0 0 282.162 0.160066 0.153958 0.0523463
423000 282.446 0 0 282.446 0.159993 0.153879 0.0523463
423500 281.943 0 0 281.943 0.159928 0.153808 0.0523463
424000 281.35 0 0 281.35 0.159846 0.153719 0.0523463
424500 280.839 0 0 280.839 0.159793 0.153664 0.0523463
425000 281.503 0 0 281.503 0.159719 0.153584 0.0523463
425500 282.322 0 0 282.322 0.159643 0.153501 0.0523463
426000 282.324 0 0 282.324 0.15957 0.153421 0.0523463
426500 284.379 0 0 284.379 0.159514 0.153362 0.0523463
427000 280.798 0 0 280.798 0.159435 0.153277 0.0523463
427500 282.46 0 0 282.46 0.15937 0.153207 0.0523463
428000 281.079 0 0 281.079 0.159324 0.153161 0.0523463
428500 283.161 0 0 283.161 0.159292 0.153131 0.0523463
429000 284.105 0 0 284.105 0.15919 0.153017 0.0523463
429500 284.179 0 0 284.179 0.159161 0.152992 0.0523463
430000 281.831 0 0 281.831 0.159096 0.152922 0.0523463
430500 280.594 0 0 280.594 0.159039 0.152862 0.0523463
431000 281.22 0 0 281.22 0.159002 0.152827 0.0523463
431500 282.693 0 0 282.693 0.158973 0.152801 0.0523463
432000 280.335 0 0 280.335 0.158961 0.152795 0.0523463
432500 281.851 0 0 281.851 0.158944 0.152784 0.0523463
433000 280.312 0 0 280.312 0.158902 0.152742 0.0523463
433500 281.005 0 0 281.005 0.158901 0.15275 0.0523463
434000 283.797 0 0 283.797 0.158931 0.152795 0.0523463
434500 282.772 0 0 282.772 0.15895 0.152826 0.0523463
435000 280.91 0 0 280.91 0.158969 0.152859 0.0523463
435500 280.288 0 0 280.288 0.158966 0.152863 0.0523463
436000 280.109 0 0 280.109 0.158962 0.152867 0.0523463
436500 279.955 0 0 279.955 0.158985 0.152904 0.0523463
437000 281.956 0 0 281.956 0.159022 0.152956 0.0523463
437500 281.831 0 0 281.831 0.159063 0.153014 0.0523463
438000 282.422 0 0 282.422 0.159127 0.153099 0.0523463
438500 280.724 0 0 280.724 0.159212 0.15321 0.0523463
439000 284.099 0 0 284.099 0.159279 0.1533 0.0523463
439500 283.932 0 0 283.932 0.15937 0.153417 0.0523463
440000 280.153 0 0 280.153 0.159431 0.153499 0.0523463
440500 283.646 0 0 283.646 0.159507 0.153598 0.0523463
441000 281.381 0 0 281.381 0.159584 0.153698 0.0523463
441500 281.783 0 0 281.783 0.159655 0.153792 0.0523463
442000 282.176 0 0 282.176 0.159728 0.153889 0.0523463
442500 282.998 0 0 282.998 0.159797 0.153979 0.0523463
443000 280.109 0 0 280.109 0.159861 0.154064 0.0523463
443500 282.144 0 0 282.144 0.15989 0.154107 0.0523463
444000 279.838 0 0 279.838 0.159956 0.154195 0.0523463
444500 285.413 0 0 285.413 0.160011 0.154268 0.0523463
445000 280.561 0 0 280.561 0.160065 0.154341 0.0523463
445500 280.438 0 0 280.438 0.16011 0.154403 0.0523463
446000 283.102 0 0 283.102 0.160144 0.154452 0.0523463
446500 279.918 0 0 279.918 0.160187 0.154511 0.0523463
447000 279.639 0 0 279.639 0.16025 0.154594 0.0523463
447500 279.988 0 0 279.988 0.160269 0.154625 0.0523463
448000 280.399 0 0 280.399 0.160292 0.154661 0.0523463
448500 280.447 0 0 280.447 0.160332 0.154716 0.0523463
449000 280.504 0 0 280.504 0.160396 0.154801 0.0523463
449500 281.015 0 0 281.015 0.16048 0.154909 0.0523463
450000 283.062 0 0 283.062 0.160529 0.154976 0.0523463
450500 282.074 0 0 282.074 0.160516 0.154967 0.0523463
451000 281.894 0 0 281.894 0.160553 0.155019 0.0523463
451500 280.994 0 0 280.994 0.160572 0.15505 0.0523463
452000 280.324 0 0 280.324 0.160584 0.155072 0.0523463
452500 283.176 0 0 283.176 0.160613 0.155114 0.0523463
453000 281 0 0 281 0.160678 0.1552 0.0523463
453500 279.303 0 0 279.303 0.160726 0.155265 0.0523463
454000 280.995 0 0 280.995 0.160749 0.155299 0.0523463
454500 284.492 0 0 284.492 0.160777 0.15534 0.0523463
455000 281.469 0 0 281.469 0.160817 0.155396 0.0523463
455500 279.746 0 0 279.746 0.160818 0.155404 0.0523463
456000 279.695 0 0 279.695 0.160835 0.155431 0.0523463
456500 279.783 0 0 279.783 0.160862 0.155472 0.0523463
457000 281.136 0 0 281.136 0.160876 0.155495 0.0523463
457500 283.367 0 0 283.367 0.160883 0.155511 0.0523463
458000 282.484 0 0 282.484 0.160852 0.155481 0.0523463
458500 282.35 0 0 282.35 0.160853 0.15549 0.0523463
459000 281.813 0 0 281.813 0.160821 0.155459 0.0523463
459500 280.566 0 0 280.566 0.160822 0.155467 0.0523463
460000 282.636 0 0 282.636 0.160839 0.155494 0.0523463
460500 280.976 0 0 280.976 0.160863 0.155531 0.0523463
461000 281.424 0 0 281.424 0.160907 0.155589 0.0523463
461500 280.893 0 0 280.893 0.160952 0.155651 0.0523463
462000 282.018 0 0 282.018 0.161015 0.155733 0.0523463
462500 279.76 0 0 279.76 0.16106 0.155794 0.0523463
463000 280.568 0 0 280.568 0.161113 0.155864 0.0523463
463500 280.85 0 0 280.85 0.161168 0.155937 0.0523463
464000 280.322 0 0 280.322 0.16122 0.156006 0.0523463
464500 281.728 0 0 281.728 0.161273 0.156076 0.0523463
465000 279.66 0 0 279.66 0.161291 0.156104 0.0523463
465500 280.645 0 0 280.645 0.161297 0.156118 0.0523463
466000 280.306 0 0 280.306 0.16135 0.156189 0.0523463
466500 281.923 0 0 281.923 0.161407 0.156263 0.0523463
467000 280.436 0 0 280.436 0.161447 0.156318 0.0523463
467500 279.738 0 0 279.738 0.161487 0.156372 0.0523463
468000 279.654 0 0 279.654 0.161533 0.156433 0.0523463
468500 281.457 0 0 281.457 0.161597 0.156517 0.0523463
469000 280.698 0 0 280.698 0.161653 0.15659 0.0523463
469500 284.15 0 0 284.15 0.161725 0.156683 0.0523463
470000 281.08 0 0 281.08 0.161791 0.156768 0.0523463
470500 282.993 0 0 282.993 0.161847 0.156841 0.0523463
471000 280.88 0 0 280.88 0.161889 0.156898 0.0523463
471500 280.185 0 0 280.185 0.161954 0.156982 0.0523463
472000 282.944 0 0 282.944 0.162024 0.157072 0.0523463
472500 280.304 0 0 280.304 0.162098 0.157166 0.0523463
473000 281.783 0 0 281.783 0.162139 0.157222 0.0523463
473500 285.015 0 0 285.015 0.162177 0.157274 0.0523463
474000 280.069 0 0 280.069 0.162226 0.157338 0.0523463
474500 280.994 0 0 280.994 0.16227 0.157398 0.0523463
475000 280.525 0 0 280.525 0.162317 0.15746 0.0523463
475500 279.551 0 0 279.551 0.16234 0.157494 0.0523463
476000 280.278 0 0 280.278 0.16236 0.157523 0.0523463
476500 284.029 0 0 284.029 0.162357 0.157526 0.0523463
477000 282.129 0 0 282.129 0.16234 0.157512 0.0523463
477500 282.302 0 0 282.302 0.162349 0.157529 0.0523463
478000 280.518 0 0 280.518 0.162376 0.157568 0.0523463
478500 281.458 0 0 281.458 0.162408 0.157612 0.0523463
479000 280.979 0 0 280.979 0.162483 0.157707 0.0523463
479500 280.625 0 0 280.625 0.162526 0.157764 0.0523463
480000 283.844 0 0 283.844 0.162586 0.157842 0.0523463
480500 282.935 0 0 282.935 0.162657 0.157932 0.0523463
481000 280.421 0 0 280.421 0.162715 0.158007 0.0523463
481500 279.889 0 0 279.889 0.162758 0.158065 0.0523463
482000 280.08 0 0 280.08 0.162795 0.158114 0.0523463
482500 280.58 0 0 280.58 0.162801 0.158128 0.0523463
483000 281.528 0 0 281.528 0.162797 0.158129 0.0523463
483500 282.482 0 0 282.482 0.162774 0.158107 0.0523463
484000 280.936 0 0 280.936 0.162768 0.158106 0.0523463
484500 283.243 0 0 283.243 0.162744 0.158084 0.0523463
485000 282.306 0 0 282.306 0.16275 0.158096 0.0523463
485500 280.31 0 0 280.31 0.162763 0.158118 0.0523463
486000 281.419 0 0 281.419 0.162734 0.158089 0.0523463
486500 283.525 0 0 283.525 0.162723 0.158082 0.0523463
487000 284.002 0 0 284.002 0.16272 0.158084 0.0523463
487500 280.949 0 0 280.949 0.162705 0.158073 0.0523463
488000 281.429 0 0 281.429 0.162694 0.158065 0.0523463
488500 280.63 0 0 280.63 0.162663 0.158034 0.0523463
489000 281.042 0 0 281.042 0.162615 0.157983 0.0523463
489500 281.884 0 0 281.884 0.162578 0.157945 0.0523463
490000 282.308 0 0 282.308 0.16254 0.157905 0.0523463
490500 280.477 0 0 280.477 0.162514 0.157881 0.0523463
491000 281.768 0 0 281.768 0.162532 0.157907 0.0523463
491500 280.078 0 0 280.078 0.16252 0.157899 0.0523463
492000 280.324 0 0 280.324 0.162549 0.157939 0.0523463
492500 281.829 0 0 281.829 0.162598 0.158003 0.0523463
493000 279.805 0 0 279.805 0.162635 0.158053 0.0523463
493500 281.468 0 0 281.468 0.162668 0.158097 0.0523463
494000 280.734 0 0 280.734 0.162719 0.158163 0.0523463
494500 280.829 0 0 280.829 0.162761 0.158219 0.0523463
495000 281.874 0 0 281.874 0.162772 0.158237 0.0523463
495500 280.186 0 0 280.186 0.162792 0.158266 0.0523463
496000 280.318 0 0 280.318 0.1628 0.158281 0.0523463
496500 280.576 0 0 280.576 0.162791 0.158276 0.0523463
497000 285.278 0 0 285.278 0.16281 0.158304 0.0523463
497500 282.977 0 0 282.977 0.162809 0.158309 0.0523463
498000 279.911 0 0 279.911 0.162791 0.158293 0.0523463
498500 279.827 0 0 279.827 0.162792 0.1583 0.0523463
499000 281.832 0 0 281.832 0.162793 0.158307 0.0523463
499500 280.101 0 0 280.101 0.162798 0.158318 0.0523463
500000 282.132 0 0 282.132 0.162807 0.158333 0.0523463
500500 280.785 0 0 280.785 0.162796 0.158326 0.0523463
501000 282.854 0 0 282.854 0.1628 0.158336 0.0523463
501500 279.664 0 0 279.664 0.162812 0.158356 0.0523463
502000 279.935 0 0 279.935 0.162817 0.158367 0.0523463
502500 279.743 0 0 279.743 0.162822 0.158379 0.0523463
503000 281.944 0 0 281.944 0.162806 0.158364 0.0523463
503500 280.295 0 0 280.295 0.162803 0.158366 0.0523463
504000 280.436 0 0 280.436 0.162825 0.158398 0.0523463
504500 282.107 0 0 282.107 0.162866 0.158451 0.0523463
505000 284.236 0 0 284.236 0.162886 0.158481 0.0523463
505500 280.003 0 0 280.003 0.162927 0.158534 0.0523463
506000 279.481 0 0 279.481 0.162945 0.158561 0.0523463
506500 281.936 0 0 281.936 0.162975 0.158602 0.0523463
507000 282.309 0 0 282.309 0.163013 0.158651 0.0523463
507500 279.923 0 0 279.923 0.163017 0.158661 0.0523463
508000 280.425 0 0 280.425 0.163024 0.158675 0.0523463
508500 279.881 0 0 279.881 0.163037 0.158695 0.0523463
509000 281.793 0 0 281.793 0.163076 0.158747 0.0523463
509500 281.744 0 0 281.744 0.163137 0.158823 0.0523463
510000 281.284 0 0 281.284 0.163185 0.158885 0.0523463
510500 282.779 0 0 282.779 0.163216 0.158927 0.0523463
511000 280.193 0 0 280.193 0.163234 0.158954 0.0523463
511500 280.525 0 0 280.525 0.163236 0.15896 0.0523463
512000 282.265 0 0 282.265 0.163264 0.158998 0.0523463
512500 282.63 0 0 282.63 0.163314 0.159063 0.0523463
513000 279.832 0 0 279.832 0.163367 0.15913 0.0523463
513500 284.289 0 0 284.289 0.163403 0.159177 0.0523463
514000 281.299 0 0 281.299 0.163427 0.159211 0.0523463
514500 280.171 0 0 280.171 0.163447 0.159239 0.0523463
515000 279.741 0 0 279.741 0.163452 0.15925 0.0523463
515500 280.12 0 0 280.12 0.16347 0.159277 0.0523463
516000 280.112 0 0 280.112 0.163454 0.159262 0.0523463
516500 279.413 0 0 279.413 0.163462 0.159277 0.0523463
517000 282.265 0 0 282.265 0.163481 0.159304 0.0523463
517500 280.721 0 0 280.721 0.16352 0.159355 0.0523463
518000 283.243 0 0 283.243 0.163535 0.159377 0.0523463
518500 283.035 0 0 283.035 0.163531 0.159377 0.0523463
519000 280.99 0 0 280.99 0.163538 0.15939 0.0523463
519500 282.56 0 0 282.56 0.16356 0.159421 0.0523463
520000 280.856 0 0 280.856 0.163566 0.159433 0.0523463
520500 279.818 0 0 279.818 0.163576 0.15945 0.0523463
521000 281.538 0 0 281.538 0.163548 0.159421 0.0523463
521500 282.139 0 0 282.139 0.16349 0.159358 0.0523463
522000 280.376 0 0 280.376 0.163467 0.159336 0.0523463
522500 285.811 0 0 285.811 0.16345 0.15932 0.0523463
523000 281.246 0 0 281.246 0.163448 0.159323 0.0523463
523500 280.103 0 0 280.103 0.163469 0.159353 0.0523463
524000 284.636 0 0 284.636 0.163477 0.159366 0.0523463
524500 283.239 0 0 283.239 0.163487 0.159383 0.0523463
525000 279.539 0 0 279.539 0.163531 0.159439 0.0523463
525500 280.849 0 0 280.849 0.163568 0.159487 0.0523463
526000 282.371 0 0 282.371 0.163616 0.159549 0.0523463
526500 280.44 0 0 280.44 0.163662 0.159607 0.0523463
527000 280.786 0 0 280.786 0.163698 0.159653 0.0523463
527500 280.695 0 0 280.695 0.163729 0.159695 0.0523463
528000 279.504 0 0 279.504 0.163761 0.159737 0.0523463
528500 281.309 0 0 281.309 0.163771 0.159753 0.0523463
529000 280.549 0 0 280.549 0.163744 0.159727 0.0523463
529500 283.286 0 0 283.286 0.163728 0.159712 0.0523463
530000 280.726 0 0 280.726 0.16369 0.159673 0.0523463
530500 280.25 0 0 280.25 0.16367 0.159653 0.0523463
531000 286.678 0 0 286.678 0.163695 0.159687 0.0523463
531500 281.456 0 0 281.456 0.16374 0.159744 0.0523463
532000 281.425 0 0 281.425 0.163764 0.159777 0.0523463
532500 283.067 0 0 283.067 0.16381 0.159836 0.0523463
533000 282.019 0 0 282.019 0.163869 0.159909 0.0523463
533500 280.224 0 0 280.224 0.163925 0.15998 0.0523463
534000 281.556 0 0 281.556 0.163986 0.160055 0.0523463
534500 290.695 0 0 290.695 0.164043 0.160127 0.0523463
535000 280.06 0 0 280.06 0.164107 0.160206 0.0523463
535500 279.94 0 0 279.94 0.164144 0.160254 0.0523463
536000 280.931 0 0 280.931 0.164197 0.16032 0.0523463
536500 281.276 0 0 281.276 0.164234 0.160368 0.0523463
537000 282.236 0 0 282.236 0.164285 0.160432 0.0523463
537500 281.047 0 0 281.047 0.164346 0.160508 0.0523463
538000 279.937 0 0 279.937 0.164398 0.160572 0.0523463
538500 280.826 0 0 280.826 0.164446 0.160634 0.0523463
539000 283.41 0 0 283.41 0.164492 0.160691 0.0523463
539500 279.973 0 0 279.973 0.16454 0.160752 0.0523463
540000 280.472 0 0 280.472 0.164572 0.160793 0.0523463
540500 281.62 0 0 281.62 0.164602 0.160833 0.0523463
541000 282.253 0 0 282.253 0.164648 0.16089 0.0523463
541500 279.435 0 0 279.435 0.16469 0.160944 0.0523463
542000 279.781 0 0 279.781 0.16473 0.160996 0.0523463
542500 279.871 0 0 279.871 0.164756 0.16103 0.0523463
543000 284.48 0 0 284.48 0.164808 0.161095 0.0523463
543500 282.137 0 0 282.137 0.16487 0.161171 0.0523463
544000 280.362 0 0 280.362 0.16491 0.161222 0.0523463
544500 282.487 0 0 282.487 0.164943 0.161265 0.0523463
545000 280.731 0 0 280.731 0.164965 0.161295 0.0523463
545500 279.414 0 0 279.414 0.164992 0.16133 0.0523463
546000 281.249 0 0 281.249 0.165004 0.161349 0.0523463
546500 281.426 0 0 281.426 0.165019 0.16137 0.0523463
547000 281.387 0 0 281.387 0.16506 0.161422 0.0523463
547500 281.61 0 0 281.61 0.165124 0.161501 0.0523463
548000 280.749 0 0 280.749 0.165185 0.161576 0.0523463
548500 283.83 0 0 283.83 0.165245 0.161651 0.0523463
549000 282.333 0 0 282.333 0.165306 0.161726 0.0523463
549500 281.155 0 0 281.155 0.165338 0.161767 0.0523463
550000 282.96 0 0 282.96 0.165334 0.161767 0.0523463
550500 280.938 0 0 280.938 0.165322 0.161756 0.0523463
551000 280.039 0 0 280.039 0.165322 0.16176 0.0523463
551500 280.692 0 0 280.692 0.165351 0.161797 0.0523463
552000 282.802 0 0 282.802 0.165392 0.161849 0.0523463
552500 279.612 0 0 279.612 0.165435 0.161904 0.0523463
553000 281.321 0 0 281.321 0.165467 0.161945 0.0523463
553500 281.754 0 0 281.754 0.165483 0.161968 0.0523463
554000 279.71 0 0 279.71 0.1655 0.161991 0.0523463
554500 279.638 0 0 279.638 0.165502 0.161997 0.0523463
555000 280.379 0 0 280.379 0.16551 0.16201 0.0523463
555500 281.199 0 0 281.199 0.165524 0.16203 0.0523463
556000 280.326 0 0 280.326 0.165573 0.162092 0.0523463
556500 280.413 0 0 280.413 0.165616 0.162145 0.0523463
557000 281.591 0 0 281.591 0.165667 0.162209 0.0523463
557500 281.733 0 0 281.733 0.165722 0.162277 0.0523463
558000 280.344 0 0 280.344 0.165769 0.162336 0.0523463
558500 279.76 0 0 279.76 0.165814 0.162391 0.0523463
559000 282.313 0 0 282.313 0.165855 0.162443 0.0523463
559500 280.616 0 0 280.616 0.165905 0.162506 0.0523463
560000 281.937 0 0 281.937 0.165954 0.162566 0.0523463
560500 282.619 0 0 282.619 0.166014 0.162639 0.0523463
561000 281.669 0 0 281.669 0.166048 0.162683 0.0523463
561500 280.123 0 0 280.123 0.166056 0.162696 0.0523463
562000 283.149 0 0 283.149 0.166071 0.162717 0.0523463
562500 280.736 0 0 280.736 0.16607 0.16272 0.0523463
563000 281.556 0 0 281.556 0.166059 0.16271 0.0523463
563500 282.908 0 0 282.908 0.166055 0.162709 0.0523463
564000 279.727 0 0 279.727 0.166076 0.162737 0.0523463
564500 285.697 0 0 285.697 0.166126 0.162799 0.0523463
565000 282.354 0 0 282.354 0.166187 0.162873 0.0523463
565500 280.376 0 0 280.376 0.166209 0.162903 0.0523463
566000 281.208 0 0 281.208 0.16624 0.162942 0.0523463
566500 279.467 0 0 279.467 0.166249 0.162957 0.0523463
567000 281.935 0 0 281.935 0.166253 0.162964 0.0523463
567500 279.932 0 0 279.932 0.166277 0.162996 0.0523463
568000 280.881 0 0 280.881 0.166301 0.163027 0.0523463
568500 280.677 0 0 280.677 0.166307 0.163037 0.0523463
569000 280.267 0 0 280.267 0.166299 0.163032 0.0523463
569500 280.434 0 0 280.434 0.166303 0.163039 0.0523463
570000 279.78 0 0 279.78 0.166301 0.163041 0.0523463
570500 279.965 0 0 279.965 0.166315 0.16306 0.0523463
571000 282.04 0 0 282.04 0.166341 0.163094 0.0523463
571500 280.228 0 0 280.228 0.166357 0.163116 0.0523463
572000 280.601 0 0 280.601 0.166371 0.163136 0.0523463
572500 281.85 0 0 281.85 0.166384 0.163154 0.0523463
573000 282.343 0 0 282.343 0.166378 0.16315 0.0523463
573500 282.177 0 0 282.177 0.166386 0.163163 0.0523463
574000 283.624 0 0 283.624 0.166413 0.163199 0.0523463
574500 282.583 0 0 282.583 0.166453 0.163248 0.0523463
575000 279.881 0 0 279.881 0.166474 0.163276 0.0523463
575500 280.657 0 0 280.657 0.166507 0.163317 0.0523463
576000 280.072 0 0 280.072 0.166518 0.163334 0.0523463
576500 282.02 0 0 282.02 0.166564 0.163391 0.0523463
577000 280.515 0 0 280.515 0.166601 0.163437 0.0523463
577500 280.771 0 0 280.771 0.166645 0.163492 0.0523463
578000 279.889 0 0 279.889 0.166699 0.163558 0.0523463
578500 281.748 0 0 281.748 0.166761 0.163633 0.0523463
579000 279.71 0 0 279.71 0.166795 0.163676 0.0523463
579500 280.467 0 0 280.467 0.166812 0.163699 0.0523463
580000 279.853 0 0 279.853 0.166819 0.16371 0.0523463
580500 281.994 0 0 281.994 0.166827 0.163723 0.0523463
581000 284.122 0 0 284.122 0.166841 0.163742 0.0523463
581500 282.248 0 0 282.248 0.166876 0.163786 0.0523463
582000 282.206 0 0 282.206 0.166894 0.16381 0.0523463
582500 280.146 0 0 280.146 0.16689 0.163808 0.0523463
583000 282.341 0 0 282.341 0.16685 0.163765 0.0523463
583500 280.683 0 0 280.683 0.166812 0.163724 0.0523463
584000 280.55 0 0 280.55 0.166783 0.163694 0.0523463
584500 283.055 0 0 283.055 0.166767 0.163677 0.0523463
585000 281.646 0 0 281.646 0.166751 0.163662 0.0523463
585500 280.208 0 0 280.208 0.166747 0.163661 0.0523463
586000 280.369 0 0 280.369 0.166733 0.163648 0.0523463
586500 280.086 0 0 280.086 0.166726 0.163643 0.0523463
587000 280.459 0 0 280.459 0.166739 0.163661 0.0523463
587500 281.661 0 0 281.661 0.166712 0.163633 0.0523463
588000 282.909 0 0 282.909 0.166672 0.16359 0.0523463
588500 281.104 0 0 281.104 0.166629 0.163543 0.0523463
589000 281.351 0 0 281.351 0.16658 0.163489 0.0523463
589500 283.736 0 0 283.736 0.16651 0.163411 0.0523463
590000 282.352 0 0 282.352 0.166428 0.163319 0.0523463
590500 281.078 0 0 281.078 0.166357 0.16324 0.0523463
591000 282.941 0 0 282.941 0.166286 0.16316 0.0523463
591500 280.941 0 0 280.941 0.166238 0.163108 0.0523463
592000 281.623 0 0 281.623 0.166175 0.163038 0.0523463
592500 281.532 0 0 281.532 0.166113 0.16297 0.0523463
593000 281.407 0 0 281.407 0.166063 0.162915 0.0523463
593500 281.124 0 0 281.124 0.166013 0.16286 0.0523463
594000 282.845 0 0 282.845 0.165956 0.162797 0.0523463
594500 282.027 0 0 282.027 0.165887 0.162721 0.0523463
595000 281.935 0 0 281.935 0.165817 0.162642 0.0523463
595500 281.22 0 0 281.22 0.165761 0.162581 0.0523463
596000 282.076 0 0 282.076 0.16574 0.16256 0.0523463
596500 280.63 0 0 280.63 0.165748 0.162572 0.0523463
597000 281.606 0 0 281.606 0.16577 0.1626 0.0523463
597500 280.225 0 0 280.225 0.165805 0.162645 0.0523463
598000 280.702 0 0 280.702 0.165819 0.162664 0.0523463
598500 280.402 0 0 280.402 0.165852 0.162705 0.0523463
599000 281.013 0 0 281.013 0.165901 0.162764 0.0523463
599500 279.866 0 0 279.866 0.165951 0.162825 0.0523463
600000 279.377 0 0 279.377 0.165991 0.162875 0.0523463
*end

