[MCMC_samples]
report.type: MCMC_samples
mcmc_samples:
catchability[CPUEq].q process[BHrecruitment].r0 selectivity[FishingSel].a50 selectivity[FishingSel].ato95
0.000173174 280791 7.98245 2.73958
0.000122768 389775 9.18132 3.5994
0.000131988 380331 8.79455 3.6896
0.000114202 370440 8.30919 2.71256
0.000129867 370192 9.0649 3.85979
0.000133544 353899 8.48141 2.73513
0.000121365 372519 8.54416 3.24024
0.000119066 362792 8.32842 2.80378
0.000121409 361322 8.87031 3.88152
0.000115728 365995 8.31655 2.92748
0.000127486 384377 8.43292 3.18015
0.000113634 377247 8.31283 3.14061
0.000101929 379279 8.48682 3.65527
0.000121086 361477 8.89112 3.05048
0.000159626 283860 7.79531 2.89878
0.000129861 335655 8.61404 3.56582
0.000130395 359980 8.74156 3.38874
0.000121371 382987 9.36395 3.59125
0.000137396 322513 8.48643 2.80976
0.000128102 356723 8.32132 3.3633
0.000113157 356562 8.64887 3.63228
0.000157683 328223 8.88792 3.61253
0.000159144 308982 8.52651 3.3771
0.000135507 332772 8.76473 3.37851
0.000143625 360472 9.26441 3.55205
0.000135558 348068 9.28176 3.79354
0.000196968 277184 9.5464 4.31739
0.000200072 275917 8.68088 3.58986
0.000176806 272252 8.14927 2.71924
0.000158724 314506 8.20385 2.75253
0.000124034 344540 8.40243 2.7251
0.000129919 342859 8.79683 3.81628
0.000116991 318654 8.10748 3.50307
0.000140685 327555 8.52649 3.24941
0.000119127 364854 8.86506 3.41898
0.000112213 405688 9.27544 3.29149
0.00010516 449841 8.76902 3.2022
9.92989e-05 490374 9.50425 4.18179
9.41886e-05 455162 9.17905 4.25335
9.51373e-05 421563 8.63399 3.86527
8.77059e-05 430018 8.5882 4.50698
0.000123688 353694 8.20202 4.20034
0.000115783 349179 8.66846 4.70563
0.00010217 413540 9.30347 4.1067
0.000125767 359076 8.53008 2.64301
0.000135978 348187 8.91815 2.96275
0.000117047 378090 9.01283 4.00098
0.000127632 351405 8.53566 3.64633
0.000137942 354653 8.7757 4.19232
0.000103105 383614 8.99995 4.28687
0.000131505 358798 9.15582 3.97604
0.000124209 392899 9.12686 3.79406
0.000133672 369806 9.20861 4.33433
0.00013611 395947 9.70333 3.79544
0.000151428 300050 8.73555 3.18069
0.000171973 285841 9.20221 4.03912
0.000176757 292957 9.03577 4.0536
0.000185244 263748 8.63394 3.76203
0.000162178 295186 8.6471 3.32032
0.000126037 325981 8.24299 2.35104
0.000131687 342811 8.95453 3.54617
0.000148236 347360 9.42261 3.87162
0.000175867 290613 9.11668 3.89913
0.00021828 251976 9.47861 4.70617
0.000255784 252179 10.1144 4.40766
0.000195429 291394 10.1986 5.3901
0.000184627 289317 9.4365 4.14535
0.000172822 294882 9.23251 3.95314
0.000212166 264229 9.49301 4.42739
0.000153879 304476 8.83488 4.03156
0.000146218 317295 8.23967 2.89526
0.000145877 332628 8.51234 3.379
0.000135294 340945 8.12401 2.90084
0.000151359 295667 8.13258 3.35655
0.000148792 300242 7.68916 3.12137
0.000120263 340781 8.5409 2.7193
0.000125156 369719 8.39846 3.26158
0.000142325 310527 8.01269 2.88893
0.000142297 306586 8.43822 4.01341
0.000132763 321451 8.69638 3.42592
0.000141689 336503 9.13146 3.48278
0.000147261 306742 8.36963 3.02761
0.000169364 301854 8.64491 3.31705
0.00015048 280660 8.33256 3.1414
0.000147271 315754 8.28176 2.85406
0.000113809 354701 8.55975 3.04631
0.000136063 354534 8.57122 2.84254
0.000155045 317803 8.4319 2.96072
0.000178736 290584 9.15371 3.80643
0.00017509 274430 8.80342 3.06282
0.000221033 234716 8.36889 2.6851
0.000180734 263265 9.61611 4.96559
0.000215342 266416 9.64423 4.46494
0.000180197 260124 8.57927 3.43351
0.000176834 323766 9.75379 4.1511
0.00016412 312206 8.9258 3.44803
0.000164336 302839 8.62777 3.43678
0.000156071 288743 8.56441 3.23775
0.000123392 389768 9.37372 3.64198
0.000133239 382317 9.50538 4.0731
0.000121597 357942 8.27463 4.13741
0.000107443 347367 7.68572 3.39423
0.000110849 376937 7.75066 3.32105
0.000115174 383195 8.25726 3.1498
0.000103169 404160 8.40559 3.29696
0.000100002 425274 8.56102 3.16843
0.000101914 432299 8.49824 3.04505
0.000101315 461439 9.30691 3.99679
9.82255e-05 450890 9.2208 3.72521
8.84004e-05 441707 8.72324 3.37406
9.91179e-05 402942 8.60589 4.19755
0.00012117 391672 8.76136 3.98956
0.000127459 381647 8.81305 4.0503
0.000106431 445143 9.47807 4.13047
0.000108969 421704 9.63069 4.87196
0.000112938 410942 9.1794 4.31232
0.000117362 375390 8.45193 3.63005
0.000118245 373065 8.41812 3.31415
0.000112357 383644 8.4393 3.0719
9.36006e-05 438431 8.78559 3.12427
9.32034e-05 422285 8.82144 3.29514
0.000100226 441621 9.0381 4.08837
0.000106354 457553 9.49455 3.77791
7.05329e-05 483771 7.45601 2.37546
8.47897e-05 469666 7.82649 2.73471
7.91178e-05 500769 8.32706 3.17297
8.29103e-05 452194 7.63644 2.23333
9.12251e-05 460810 7.68877 2.77678
7.78941e-05 505438 8.12092 2.45381
7.40248e-05 513331 8.34809 3.13527
8.13238e-05 518227 8.31542 2.87222
8.41903e-05 517316 8.58816 3.48299
8.20924e-05 524953 8.73179 3.06503
8.40317e-05 523902 8.61013 3.50231
8.26048e-05 538284 8.81408 3.21728
8.18356e-05 478782 8.11187 2.58762
9.33612e-05 464294 8.30746 3.06723
9.02236e-05 449359 8.10828 2.73376
9.76191e-05 400827 7.78797 2.61394
0.000115771 384102 8.07271 2.94666
0.000114912 399109 8.335 2.72021
0.000127346 398888 8.86543 3.53093
0.000102633 394503 8.47695 3.10605
0.000129124 338712 8.1521 3.02194
0.000126767 382966 8.67975 3.5014
9.5336e-05 420269 8.54151 3.09826
9.40598e-05 454902 8.50553 2.92815
0.000105919 447250 8.70066 3.25285
0.000110185 419919 8.96293 3.55053
0.00010129 421971 8.11874 2.53416
0.000104397 391643 8.33718 2.91899
0.000113794 431938 9.14811 3.1961
9.93748e-05 400647 8.27797 3.06959
9.48313e-05 392738 8.15758 3.21718
0.000112365 373025 8.35176 3.56734
0.000118675 382600 8.33406 3.14549
0.000107035 390021 8.35558 3.60273
0.000115837 348011 7.80782 2.95079
0.000132384 376399 9.3968 4.75793
0.000126547 394452 9.3909 3.60528
0.000122209 389175 8.88976 3.63427
0.000108353 389435 8.95767 3.65452
0.000113365 377159 8.38161 2.94725
0.000131609 389921 9.32511 3.93336
0.000148801 362250 9.74226 4.50644
0.00016004 312245 9.40629 4.55739
0.000181795 296498 9.51074 4.49858
0.000195364 277127 9.02233 3.787
0.000200892 266183 8.88101 4.2318
0.000190879 290303 9.58505 4.60122
0.000215073 254458 9.12355 3.29515
0.000183111 294849 9.20393 3.80025
0.000151448 334657 8.06797 2.47786
0.000131596 317915 8.22123 3.02475
0.000126517 333524 8.1327 2.57491
0.000135017 337110 8.67956 3.08693
0.000136351 369568 9.02677 3.51868
0.000136571 374447 9.02559 3.37553
0.000142061 344441 9.14797 3.45126
0.000168405 317365 9.33732 4.12125
0.000174007 304767 8.99971 3.41427
0.000172443 303007 9.40862 3.90386
0.000158672 301144 9.04904 3.88561
0.000179966 285089 9.6358 4.6296
0.000179464 271445 8.6542 2.97713
0.00019349 270128 8.81225 3.11455
0.000175021 262908 8.05875 2.89045
0.000152147 310365 8.73322 3.24901
0.000162081 300163 8.7993 3.70172
0.000167057 297656 9.12539 3.95408
0.000156969 317525 8.82455 3.33599
0.000177793 297571 9.26981 3.869
0.00017173 291102 9.19176 4.09635
0.000167399 307467 9.17822 3.88276
0.000171826 278659 8.50957 3.24905
0.000169582 307160 9.3534 4.40061
0.000155635 313511 9.22215 3.90188
0.000168706 286377 9.00159 4.12126
0.000190012 271389 9.0614 4.24482
0.000194782 285330 9.27925 4.04693
0.000190076 262674 8.63304 2.99703
0.000184548 280471 9.25871 3.23261
0.000150897 273309 8.2001 2.63471
0.000168112 288612 8.59258 2.50814
0.000159006 318307 9.15711 3.29328
0.00018872 291067 9.29831 3.85184
0.000189211 286973 8.83992 3.43234
0.00014928 312243 8.68507 3.15819
0.000141378 350448 9.13293 3.47732
0.000115057 394943 8.75056 3.64886
0.000104295 411886 8.67488 2.85529
0.000109595 399315 8.39948 2.97772
0.000104976 412718 8.23182 2.76322
0.000109439 428987 8.68828 3.07367
0.000101197 425493 8.78975 3.48643
0.000105819 419760 8.76632 3.85313
0.000110715 409287 8.77869 3.46642
0.000109988 400109 8.68736 3.41097
0.000114093 389005 8.73594 3.1767
0.000117609 411395 9.50557 4.18403
0.000121089 435218 9.28045 4.14306
0.000100739 425786 8.71367 4.15908
0.000100634 417552 8.26436 2.96761
9.38361e-05 438271 8.61067 3.28148
0.00010209 449467 8.97331 3.32828
0.00010212 427854 8.57662 3.11259
0.000101311 430445 8.54753 3.45569
0.00010385 403597 8.25457 3.57573
0.00011582 392523 8.76636 4.10675
0.000124922 359495 8.69925 3.9625
0.000136189 348144 9.05949 3.76959
0.000155862 325001 9.39586 4.12432
0.000159345 318601 8.82234 3.03724
0.000179005 296742 8.65644 3.22356
0.000162717 308602 8.79416 3.49875
0.000178419 278364 9.25012 4.39974
0.000172186 297626 9.5458 4.4121
0.000169973 280274 8.59723 3.13027
0.00014614 309661 8.55212 3.48975
0.000146773 311007 8.68936 3.35837
0.000139468 348971 9.18531 4.11663
0.000214604 268842 9.18689 3.59596
0.000174608 296666 9.06323 3.12566
0.000142073 306512 8.60622 3.26383
0.000176258 282063 9.05727 3.82196
0.000140904 282287 8.54957 3.55895
0.000215717 266169 8.58988 3.63078
0.000233518 228621 8.48651 3.3015
0.000174203 262381 8.72021 3.61475
0.000151418 323165 8.41858 3.05809
0.000181477 304288 8.80349 3.35394
0.000159724 302596 9.15988 3.39693
0.000194756 288536 9.31418 3.9303
0.000182971 277260 9.1747 4.42004
0.000134025 324490 8.76241 3.89465
0.000123559 349562 9.04279 4.12944
0.000165754 296515 8.72095 3.68661
0.00019591 287340 9.3632 3.3749
0.000203437 242971 8.83076 3.93876
0.00017051 259993 8.56352 3.63483
0.000209722 241121 8.6588 3.61337
0.000242369 227348 8.78508 4.15825
0.000175036 290870 9.25111 3.46838
0.000197447 275953 9.6558 3.91335
0.000205005 276495 9.96266 4.90026
0.000193536 282787 8.53623 3.15343
0.000173278 295818 9.09288 3.60548
0.000163796 300734 9.17521 3.75809
0.000187055 296364 8.99394 4.1847
0.000177645 269503 8.97545 3.68752
0.000153183 301480 8.4122 3.55468
0.000131465 335303 8.49595 3.81885
0.00015442 350764 9.2887 3.42853
0.000126611 358804 9.09888 3.17442
0.000143628 338626 9.25814 3.70107
0.000192383 292132 9.449 4.40346
0.000194839 252622 9.12333 3.86465
0.000194801 287985 9.1637 4.08915
0.000179719 276342 9.11741 3.91068
0.000175005 317647 9.43842 4.01934
0.000135017 338672 8.58548 2.82682
0.000123506 357615 8.62565 3.50829
0.000128919 340122 8.66891 3.46005
0.000114059 378737 8.52876 2.9638
0.000114621 377049 8.82248 3.34734
0.000119116 360984 8.78553 3.56146
0.000101653 372328 8.34979 3.38362
9.29733e-05 430917 8.29837 2.6495
0.00010654 436543 8.94194 3.69108
0.000114401 386319 8.12564 3.04724
0.000117264 383946 8.10565 2.93144
0.000126434 388546 9.56504 4.45217
0.000136701 399420 9.35206 3.80687
0.000144637 351104 9.07616 3.72848
0.000130627 355870 8.23265 2.43915
0.000130489 322124 7.87754 2.12079
0.000143215 316100 8.32492 3.00777
0.000166996 335975 9.17243 3.40564
0.000124401 361572 8.96441 3.25052
0.00011312 377721 8.3646 3.016
0.000122642 380855 8.23345 3.24511
0.000117494 361152 7.76486 2.68709
0.000135394 327000 8.03655 3.48546
0.000137839 339768 8.19139 2.96287
0.000150489 351240 9.38319 3.82469
0.000159577 283733 8.3989 3.37762
0.000144242 346414 9.04842 3.26587
0.000145224 347817 9.3827 4.22773
0.000177883 302111 8.79753 3.65211
0.000140929 345035 8.8124 3.45897
0.000146827 338693 9.14943 4.03857
0.000157964 325430 9.05614 3.69246
0.000151282 311242 8.88482 3.43472
0.000131439 311536 8.23402 2.58889
0.000122101 340628 8.59381 2.81837
0.000131494 349278 8.69924 2.83985
0.00013328 370399 8.74075 3.10996
0.000129229 373787 9.00344 3.55425
0.000169906 319260 9.09081 4.30789
0.00015231 301874 8.31655 3.41462
0.000144631 320168 9.42155 4.66682
0.000205366 284391 9.45839 4.41517
0.000220402 281052 9.08901 2.93522
0.000159494 281617 8.52541 3.25882
0.00016442 299482 9.14181 3.7392
0.00015111 328014 9.19535 3.55772
0.000152628 357130 9.36114 3.56471
0.000125803 364289 9.03389 3.92129
0.000138706 360070 9.08112 3.52978
0.000140914 315640 8.69551 3.51274
0.000182647 287733 9.24817 4.08525
0.000188543 259514 8.87563 3.5514
0.000184385 292899 8.95785 3.491
0.000139358 321711 9.04602 3.6434
0.00017458 289049 9.135 3.05794
0.000234027 259169 9.38867 3.59382
0.000219154 279655 10.0266 4.28062
0.000181226 294581 9.20523 3.40993
0.000155252 323855 9.30359 4.21053
0.000137178 347503 9.32752 4.24696
0.000121224 356296 8.75626 3.16032
0.000134419 338049 8.68137 3.53928
0.00013764 349196 8.80547 3.36712
0.000141431 364888 8.39869 2.46935
0.000124455 382598 8.73507 2.91219
0.000122282 356307 8.30475 2.76538
0.000111216 362710 8.35762 3.12301
0.000142009 340584 9.39632 3.63499
0.000135793 334923 9.3525 4.33124
0.000140676 300354 8.34484 3.09434
0.000125293 349322 8.56638 3.38726
0.000112688 405240 9.05428 3.81041
0.000143141 302741 8.69487 3.23362
0.000151537 317663 8.66001 3.51173
0.0001188 377007 8.72952 3.45078
0.000107847 368295 8.36094 2.70475
0.0001338 360406 8.38096 2.7802
0.000114341 392646 9.20938 3.63847
0.000135072 337581 8.9694 3.81203
0.00013452 352044 9.07596 4.36533
0.000151063 371932 9.56171 3.53647
0.00013694 355436 8.83723 3.82558
0.000115147 398068 8.85577 3.62376
0.000117224 408115 8.75158 3.42435
0.000111335 377635 8.50093 3.0027
0.000115037 346085 7.95308 3.01124
0.000120581 370971 8.52937 3.25174
0.000121643 355350 8.46227 2.78171
0.000110829 398493 9.42355 4.05515
0.000131632 343510 8.42909 2.86933
0.000143086 350236 9.04532 3.45559
0.000160043 285220 8.58596 3.17193
0.000162484 275939 8.32639 3.52257
0.000142058 313807 8.6099 3.1975
0.000138762 340817 9.2377 3.50588
0.000148891 355169 9.63833 3.61932
0.000127456 364654 8.98489 3.60598
0.000132414 341718 8.24892 3.46338
0.000117602 349798 8.04336 3.43616
0.000128716 359398 9.18532 4.08626
0.000137051 359211 8.9306 3.76762
0.000148452 327926 9.28727 3.94805
0.000143981 351328 8.79884 3.60966
0.00013892 379893 9.08757 3.64079
0.000114364 383803 9.54651 4.15368
0.000122981 341836 8.5232 2.99369
0.000130611 323151 7.99243 2.78598
0.000147505 286626 8.34449 3.05195
0.000131417 320370 8.21736 3.08236
0.00012458 346574 8.42339 2.80298
0.000140046 319098 8.65632 2.9737
0.000135189 339914 8.9901 3.41303
0.000153467 323737 8.57134 2.8536
0.000140861 359436 9.21216 4.03731
0.000118997 360436 8.64406 3.7594
0.00015176 295341 8.43644 3.27261
0.000146474 349562 9.31248 4.33977
0.000161397 326969 9.12048 3.60022
0.000126526 343630 8.9858 3.38453
0.000160987 324673 8.76063 2.93499
0.000175147 281331 8.49654 2.71087
0.000184402 256437 8.13719 2.93144
0.000160978 294046 9.16076 4.0032
0.00017626 282851 8.52463 3.02514
0.000192537 275971 9.46486 3.68376
0.000196139 259222 9.06256 3.54239
0.000187007 244583 8.47946 3.38117
0.000153192 308308 8.44861 3.28329
0.000133156 320347 8.22038 2.8453
0.000134036 335731 8.33262 3.44399
0.000115786 370301 8.49168 3.27735
0.000118982 356749 8.60179 3.68626
0.000129325 357565 9.17781 4.1645
0.000134757 358401 9.44248 3.94473
0.000115256 363237 8.0557 2.72048
0.000140762 353105 8.08021 2.65444
0.00012991 356346 8.43781 2.67578
0.000149554 334852 8.78678 3.3706
0.000131052 305575 8.37016 3.44067
0.000130851 353218 8.48805 3.11286
0.000117706 353333 8.33531 2.94852
0.000131788 340903 8.37592 2.79995
0.000117447 348079 8.40871 2.86279
0.000104193 405031 9.06703 3.52839
0.000106468 407649 8.57564 2.69598
0.000130164 413468 9.16783 3.60757
0.00013549 356070 8.79509 3.23516
0.000135968 399404 9.66656 4.58973
0.000130156 368177 9.61604 4.03373
0.000126349 372403 9.21566 3.75275
0.000111861 391755 8.89855 3.92334
0.000132218 390058 9.11448 3.1504
0.000129571 321314 8.33639 3.05377
0.000156879 318879 9.62571 4.22398
0.000174659 311573 9.45427 3.51614
0.000166418 309575 9.05325 3.43444
0.000168955 289286 9.26386 3.87902
0.000186781 276580 9.75061 4.45211
0.000174284 281062 8.58976 2.95022
0.00016748 302053 8.98289 3.81903
0.000126923 359386 8.47483 3.03681
0.000129315 326916 8.31464 2.93962
0.000139076 343513 9.20157 3.51385
0.000166464 305350 8.60074 2.78384
0.000143518 336368 9.02498 3.34973
0.000117586 351294 9.01088 3.48672
0.000137958 339678 8.93879 3.867
0.000166427 304058 8.37471 2.9019
0.000159079 290051 8.19163 2.77096
0.000162576 260554 8.10282 2.89822
0.000222916 247908 8.71036 3.43812
0.000164924 263595 8.0863 3.18105
0.000194257 278079 9.33918 3.81981
0.000209933 292592 9.97347 4.37873
0.000187723 267943 9.47041 4.43555
0.000162108 316232 8.94961 3.37077
0.000194067 275286 9.10069 3.68496
0.000187987 290957 9.24926 4.58029
0.000171645 276990 8.30714 3.45215
0.000131655 333094 8.37894 3.29779
0.000130269 316469 7.85654 2.3537
0.000169735 290817 8.50651 3.30798
0.000155474 283815 8.7732 4.27958
0.00015722 301162 8.6844 3.39985
0.000138009 297525 8.41965 2.78514
0.000149171 321135 8.20497 2.68443
0.000139618 290389 7.94476 2.65184
0.000159024 300785 8.22887 2.38092
0.000153784 321435 8.76733 3.03173
0.000154784 317931 8.87846 3.14603
0.000141643 335371 8.5459 2.68644
0.000159605 311002 8.52605 2.88892
0.000149183 294999 8.59885 3.28927
0.000151819 287984 8.13791 3.07558
0.000203522 261233 8.07892 2.94278
0.000131785 301391 7.86572 2.3732
0.00018017 273642 8.57859 3.69473
0.000149632 319619 8.97597 3.7051
0.000148853 288382 7.88014 2.44033
0.000160388 298653 8.24876 2.93753
0.000138864 293030 8.04834 2.76891
0.000130663 322383 8.75199 3.24838
0.000139673 336973 8.98153 3.09179
0.000144272 314105 8.87762 3.43298
0.000170549 306275 9.14676 3.47574
0.000156015 318917 8.92914 3.6991
0.000131192 315267 8.5657 3.0392
0.000126736 359314 8.96801 3.18474
0.000129792 326118 8.24493 2.95411
0.00011027 368715 8.14044 3.38659
0.000122069 403233 9.12004 3.90454
0.000114496 364874 8.31414 2.95661
0.000122091 379480 8.44921 2.61333
0.000104838 397295 8.41548 3.62962
0.000111585 385977 8.62672 3.39814
0.000114071 402002 8.79573 3.06636
0.000125261 388680 8.77533 3.07257
0.000118353 360244 8.66246 3.65041
0.000142092 350965 9.13137 3.79527
0.000134457 332849 8.90341 4.04456
0.000130363 360041 8.45116 3.0023
0.000127528 379551 8.72399 3.26324
0.000133602 358492 9.28627 4.2138
0.000168108 305916 9.29 3.94095
0.000139506 324933 8.4568 3.06075
0.000131758 354744 8.59973 3.14871
0.000116485 389016 8.34911 2.82679
0.000127215 373811 8.48095 2.77949
0.000107185 400218 8.54982 2.75991
0.000118455 352051 7.86847 2.57152
0.000125225 358925 8.35099 3.51704
0.000123661 320537 7.53648 2.72867
0.000104618 441056 9.17522 4.14684
9.51597e-05 423140 8.67167 3.71108
0.000109128 379459 8.02187 2.45066
0.00012497 378112 8.68832 3.16612
0.000122019 379832 8.98559 3.61317
0.000117629 379881 8.2451 3.47802
0.00011485 362216 8.6618 3.41447
0.000156509 301060 8.42529 3.24294
0.000173127 280064 8.39605 3.13074
0.000157364 254756 7.84031 3.16864
0.000152985 297857 8.81091 3.59675
0.000138548 349165 8.97282 3.3339
0.000120247 400902 9.29551 3.23516
0.000124799 370341 9.10874 3.84755
0.000117472 327129 8.28581 2.99364
0.000133061 329054 8.45443 2.99715
0.000154629 270795 8.63837 4.15201
0.000174484 283197 8.57617 3.63546
0.000173666 304264 9.30908 3.61483
0.000145739 325048 9.06874 3.82984
0.000145067 349325 9.06276 3.55547
0.000164185 318571 9.31139 3.81011
0.000134348 336154 8.40409 2.88467
0.000126566 363781 8.9168 3.63567
0.000137066 333992 8.38881 3.08908
0.000160324 345962 9.97406 4.03441
0.000160156 296160 9.62558 4.31277
0.000172934 300813 10.0685 5.25501
0.000163505 310103 9.30478 3.88296
0.000172483 288660 8.78562 3.17118
0.000164478 294083 8.35523 3.28977
0.000181476 287536 8.61373 3.31917
0.000144698 316784 8.12537 3.11573
0.000120687 327594 8.23897 3.19836
0.000174798 295529 9.16867 3.62092
0.000179498 283698 9.05734 3.6072
0.000187092 276308 9.15666 3.64919
0.000251041 253892 9.26499 3.43396
0.000219973 244785 8.9471 2.94203
0.00019865 261778 8.96903 3.13056
0.000163906 306471 8.30156 2.97264
0.000162194 290271 8.39793 3.33789
0.000154674 314506 8.98728 3.05404
0.000173948 315131 9.13006 3.41866
0.000170791 310043 9.03243 3.34902
0.000131553 287659 7.80976 2.91545
0.0001211 310554 8.01296 3.24575
0.000149735 316833 9.43269 3.88462
0.000199285 278935 9.81161 3.77013
0.00018701 283424 9.41382 3.44893
0.000166163 273993 8.48253 3.24371
0.000160238 285443 8.73494 3.37189
0.00018873 303708 9.65347 3.93174
0.000161795 330663 9.41209 3.6938
0.000192445 280212 8.66618 3.0737
0.000143916 309115 8.65912 3.81688
0.00013916 358468 9.04389 3.88896
0.000124115 366017 8.58255 3.05672
0.000120091 392798 8.71713 3.24546
0.000108395 417376 8.54357 2.73211
0.000128909 357470 8.49157 2.75144
0.00011884 393680 8.65575 3.66151
0.000105544 429478 8.88413 4.02991
9.84012e-05 435073 8.37046 3.02476
0.000111466 405549 8.02232 3.03916
9.81739e-05 386832 8.21691 2.98417
8.88252e-05 414549 8.17322 3.44109
8.31984e-05 471282 9.18262 4.94223
8.04623e-05 485661 9.12256 4.74053
9.22838e-05 477032 9.31344 4.68716
8.80351e-05 467044 8.11401 3.34306
8.7449e-05 470771 8.11007 3.2856
9.15454e-05 502661 8.18901 2.94008
9.12815e-05 482067 8.37817 3.33366
9.3965e-05 478591 8.56784 3.24127
8.91769e-05 485853 8.6241 2.98798
8.50025e-05 503751 8.55102 2.88136
7.85662e-05 521669 8.29436 3.01105
7.88645e-05 507175 8.23809 3.17695
7.51169e-05 509915 8.05752 2.59989
8.70642e-05 515851 8.82003 3.67281
8.64931e-05 530661 8.92629 3.60841
9.32376e-05 491589 8.50792 3.36145
9.35802e-05 468407 9.03831 3.84669
8.86775e-05 461553 8.87717 3.91556
7.84199e-05 468540 8.36902 3.56474
8.41403e-05 523160 8.87373 3.31267
8.06361e-05 500414 8.51204 3.23659
0.00010085 440007 8.72597 3.57642
0.000109905 394751 8.07239 2.69737
8.89464e-05 420201 8.44022 2.96535
9.84946e-05 474482 9.26774 3.5987
8.40205e-05 490686 8.62326 2.91532
9.45826e-05 455069 8.02799 2.56582
8.54136e-05 435012 7.85453 3.37002
9.55456e-05 416417 7.78834 3.22179
0.000103193 371650 7.61052 2.45057
0.000113116 395509 8.94641 3.22092
0.000119373 378968 8.93629 4.13792
0.000115333 365869 8.33704 3.23921
0.000142338 315192 8.01832 2.59269
0.000137027 348965 9.02706 3.47415
0.000166428 359907 9.74059 3.69512
0.000155835 325199 9.12962 3.703
0.000123556 356696 8.57429 3.66545
0.00012448 380907 8.78603 3.69744
0.000113299 389434 8.37308 3.23996
0.00011167 392053 8.64226 2.74901
0.000111491 378493 8.44732 3.10836
0.000124622 382876 8.5915 3.17626
0.000112221 367285 8.42309 3.29514
0.000118069 376388 9.15998 3.67374
0.000114409 377856 8.79333 3.09339
0.000125894 363528 8.29636 3.12835
0.000134233 336237 8.52594 4.24242
0.000146765 322765 9.02214 3.88809
0.000143168 321044 8.35547 3.08646
0.000160957 268842 8.22957 3.22296
0.000149288 329701 8.7583 3.6533
0.000156095 336889 9.08397 4.19289
0.000155025 324993 8.88986 3.60867
0.000137644 320669 8.50125 2.97117
0.000166984 292602 9.03866 4.04633
0.000163176 306816 9.00664 3.93698
0.000155724 326976 8.77692 3.49
0.000138213 354238 9.08608 3.68616
0.000126767 351487 8.91782 4.20641
0.000142577 356837 9.45859 3.99077
0.000128948 355187 8.90472 3.85101
0.000112906 376582 8.83922 3.51943
0.000122498 348325 8.34664 3.0525
0.000125934 379031 8.8787 3.18135
0.000140733 376706 9.20442 3.17789
0.000159369 325165 9.00244 3.20567
0.000131599 353417 8.82851 3.11243
0.000123033 400100 8.90824 3.57589
0.000100822 410033 8.85464 3.97385
0.000113387 361723 7.90239 2.84261
0.000105053 395890 8.56881 3.58771
0.000114189 412349 9.32622 4.18566
9.83695e-05 423136 8.57649 3.5338
9.63895e-05 433059 8.54489 3.73335
9.69733e-05 437304 8.42346 3.62734
8.92059e-05 458968 8.80262 3.97512
0.000100177 432413 8.56109 3.29039
9.97761e-05 424648 8.27842 2.92345
0.000100433 444258 8.93185 3.53018
0.000103055 431001 8.7575 3.05916
0.000135254 332723 8.05474 3.07131
0.000153785 314209 8.77359 3.13136
0.000166068 293358 8.90205 3.40996
0.000146322 328915 9.34767 4.05607
0.000158171 322690 10.1859 5.19814
0.000196224 268857 9.1489 3.89987
0.000147471 296645 7.86359 2.79579
0.000141034 280923 7.58732 2.20667
0.000137544 302277 8.34629 3.56086
0.000154498 265082 8.1225 3.09167
0.000202405 278864 8.62465 3.07097
0.00020203 283631 9.58002 3.89856
0.000202117 257444 8.75571 3.29842
0.000168023 278757 8.93506 3.41457
0.000126742 376660 9.16217 3.43557
0.000129522 362745 9.00555 3.83931
0.000149799 352145 9.14815 4.81034
0.000143006 321812 8.29383 3.01623
0.000161038 285892 8.26415 3.39444
0.000150887 282386 8.40955 3.41913
0.000183333 296994 9.04308 3.46892
0.000173622 293709 8.46549 3.53522
0.000162458 294114 8.94797 3.57712
0.000168044 297816 9.10728 3.52155
0.000162156 287038 9.13477 4.13308
0.000143465 295660 8.30602 3.62706
0.000142747 300344 8.27398 2.84877
0.000171331 313180 9.10271 3.60988
0.000136374 312310 8.67798 3.3498
0.000143332 324023 9.05132 4.55866
0.000161938 316061 9.77788 3.90097
0.000170277 302372 9.16453 3.28327
0.000164327 302392 9.00241 3.31891
0.000155455 311133 8.61813 2.71236
0.000147253 314482 8.47876 2.46665
0.000157407 322116 8.62027 2.71308
0.000127342 332175 8.27546 2.49848
0.00014684 313927 8.21469 3.40339
0.000151132 308048 8.73719 3.32507
0.00018738 264308 8.67961 3.65086
0.000166018 305982 9.56795 4.23243
0.000219 265516 9.72429 4.78075
0.000170931 283666 8.72546 2.86565
0.000172246 295671 9.32077 3.75154
0.000178358 264442 8.71264 3.05472
0.000136107 358349 9.58625 4.12553
0.000152701 324737 8.97645 3.23317
0.000131896 361503 8.97919 3.87556
0.000160036 321633 9.07117 3.97671
0.000154826 326019 9.27398 3.8182
0.000187571 277113 8.64436 3.32554
0.000196186 267874 9.02447 3.57308
0.000160818 312861 9.52706 3.63422
0.000193367 308766 9.37947 4.12428
0.000175707 252624 8.63495 3.64804
0.00019459 254245 8.59995 3.00317
0.000158618 279962 8.56019 3.43746
0.000182556 284565 8.91437 3.96258
0.000175875 294008 8.63566 3.48136
0.000129079 360021 9.06446 3.83967
0.000141118 358919 8.71637 3.63932
0.000118172 385700 9.10667 3.88025
0.000111929 383563 8.36996 3.10547
0.000128465 358811 8.39518 3.17152
0.000138933 329437 8.36138 3.37805
0.000141541 308126 8.08959 2.98892
0.000159396 308651 9.40352 3.73564
0.00017045 309911 9.31788 4.20385
0.000156283 327638 9.7737 4.38339
0.000177786 290504 9.33169 4.05787
0.000164256 315020 9.05786 3.51249
0.000161797 301273 8.64213 2.86391
0.000147413 294307 8.90336 4.24917
0.000206925 261838 9.40508 3.77243
0.000186137 271489 8.73386 3.71875
0.000175109 295408 9.05749 4.016
0.000159696 306651 9.05067 3.87389
0.000143047 329676 9.03731 3.12637
0.000176216 275953 9.07268 3.44926
0.000176068 271566 8.94087 3.3541
0.000171048 299556 8.86887 2.90915
0.000174572 290578 8.78431 3.21942
0.000162146 315885 9.04532 3.37976
0.000155889 291392 8.86582 3.43215
0.000143791 323234 8.85625 3.26027
0.000151603 283533 8.18425 2.17179
0.000182177 296039 8.59727 3.08464
0.000160288 301413 8.47618 3.00567
0.000163728 301646 8.77208 3.60389
0.000139687 305016 8.60643 3.62008
0.000156294 303529 8.69555 3.60155
0.000174491 289110 8.33578 3.54076
0.000190831 254692 8.98671 4.02393
0.000152691 302777 9.15411 4.62125
0.000144046 289116 8.57287 3.41306
0.000154597 332943 9.21027 3.81678
0.000179785 297300 9.49646 3.62523
0.000185455 277566 9.29174 4.76457
0.000231795 237134 8.14582 2.76199
0.000168871 275074 8.22863 3.21253
0.000177399 274096 8.64898 3.57508
0.000159994 293817 8.83051 3.78122
0.000137811 323420 8.2212 3.24039
0.000143803 302170 8.96894 3.77789
0.000179888 263521 8.94315 3.44854
0.000161062 287302 8.74669 3.25921
0.000160586 316554 8.89309 3.41008
0.000170118 309681 9.0186 3.73947
0.000152609 339402 9.14229 3.64083
0.000139134 308367 8.9362 3.91694
0.000146282 317524 8.75414 3.8064
0.000156707 304895 8.7568 3.80358
0.000141418 318746 8.63858 3.29521
0.000168336 328523 9.76788 4.11822
0.000169181 292709 9.2235 3.69587
0.000205229 278964 9.35549 3.35567
0.000199287 259921 9.65745 4.69647
0.000169312 261291 8.582 3.59859
0.000198646 275920 9.13664 3.45305
0.000229943 264122 9.48781 3.70016
0.000174776 294020 9.07575 3.58711
0.000212755 269305 9.06729 3.38072
0.000167254 283514 9.18788 3.20712
0.000180002 297754 9.56109 3.88445
0.000190784 273920 8.84372 3.40541
0.00013922 323682 8.46963 3.14884
0.000138419 313170 7.68731 2.78691
0.00012316 342373 7.86235 2.69108
0.000118583 348182 8.64904 3.70806
0.000125977 390255 9.52186 4.0106
0.000141974 360710 9.31258 3.9934
0.000178452 268107 8.31967 3.00317
0.00016625 297013 9.11576 3.98311
0.000205631 273057 9.31201 4.00322
0.000189937 295230 9.67138 4.08856
0.000170929 286417 8.70841 3.14148
0.000150207 300723 8.30609 2.90877
0.000134318 335506 9.08342 3.5846
0.000138425 315882 8.42984 3.33921
0.000156242 288589 8.27085 2.69238
0.000161648 306586 8.84835 3.53519
0.00015961 289110 8.93763 3.22655
0.000192939 260455 8.13744 2.99195
0.000132456 334194 8.25163 3.10071
0.000116608 351870 8.78459 3.8305
0.000137845 344071 8.98536 3.58125
0.000155768 331401 8.94069 3.15047
0.000150565 310021 9.13301 3.92183
0.000166657 306435 8.87234 3.39035
0.000143351 313199 9.047 3.68524
0.000194211 264171 8.60292 3.04616
0.000157781 294862 8.66589 3.3132
0.000204733 258024 8.79072 3.24323
0.000175137 291353 8.25446 2.63494
0.000159314 320983 8.97964 3.91929
0.000168669 293833 8.76022 3.94894
0.0001499 313131 8.54398 2.90072
0.00013341 353495 8.41557 3.01833
0.000137201 326875 8.48837 3.12369
0.000151249 308935 8.96285 3.80951
0.000167045 277340 8.63134 3.1945
0.000144007 297339 8.46497 3.0191
0.000154563 337062 9.06191 3.50471
0.000143155 338014 9.20696 3.27945
0.000155362 346619 9.13154 3.21824
0.000173984 301378 8.96171 3.78426
0.000193167 254762 8.69808 3.70274
0.000182921 291988 8.60274 3.62749
0.000161065 309742 8.51384 3.19785
0.000168752 264954 8.08135 2.83673
0.000184055 253797 8.47474 3.16375
0.000200649 259063 8.86171 3.53216
0.000147754 315173 8.68199 3.32489
0.000160955 321350 8.7761 3.4191
0.000141978 321192 8.45576 3.01525
0.000163193 306928 8.69631 4.15224
0.000168952 271779 8.27581 3.547
0.00019755 265745 8.76677 3.31929
0.000192166 242445 8.40019 2.92485
0.000263911 217478 8.23706 2.46958
0.000193378 283266 8.95464 3.50852
0.000205475 272879 9.54006 4.01237
0.000175574 283921 8.58801 3.0971
0.000162329 320906 9.19135 3.49773
0.000159097 293014 8.60093 3.22984
0.000209462 264464 8.94526 3.48689
0.000172988 284715 8.82593 3.73152
0.000175801 321859 9.17562 4.03819
0.000167124 321460 9.38526 3.69318
0.000135106 345020 8.99721 3.34582
0.000146644 310799 8.4323 3.55246
0.000141298 369082 8.57795 3.45142
0.000136992 366235 8.41266 2.66359
0.000122339 338915 7.85644 2.41106
0.000132602 331365 8.71147 3.85813
0.000149671 306413 9.3263 4.8943
0.000189714 261619 8.98793 3.95326
0.000186233 273467 9.02955 3.3601
0.000200656 289743 9.63222 3.87288
0.000183933 282040 9.1438 3.45049
0.000185178 246443 8.45201 3.52713
0.000216075 241088 8.66497 3.99657
0.00016798 293983 8.74498 3.89288
0.000117757 347346 8.95356 3.5989
0.000129703 320700 8.3304 3.91232
0.000142927 314890 8.56615 3.34718
0.000137003 350571 8.5221 2.83988
0.000121645 360401 8.83352 2.97788
0.000163951 301372 8.76002 3.05748
0.000130351 322812 8.17218 3.27171
0.000121102 362915 8.55135 3.74026
0.00011627 401753 8.31056 3.06797
0.000110166 418109 8.47905 3.13513
0.000105413 410836 8.36639 2.83165
0.000133795 354354 8.53295 3.02088
0.000139909 336518 8.76685 3.51977
0.000144986 353695 9.1924 4.13945
0.000138722 325649 8.75648 3.39595
0.00015892 291458 8.60494 2.50312
0.00014497 304106 8.99097 4.07401
0.000117638 362441 8.63483 3.91881
0.000124241 365727 8.47592 3.2517
0.000111959 389825 8.52517 3.19823
0.000125909 343809 8.30262 3.12709
0.00013624 351031 8.67453 3.07173
0.00012253 364654 8.29614 3.13055
0.000130743 360165 8.33571 3.38011
0.00014021 354808 8.54461 3.15981
0.000122122 346268 8.47372 2.93323
0.000115362 375231 8.57414 3.50395
0.000132916 359472 8.7234 3.57032
0.000122326 374787 8.5439 3.52948
0.000124674 353173 7.87968 2.62266
0.000102484 384995 8.4683 3.47569
0.000122925 376001 9.35989 4.10027
0.000113884 378883 9.02908 4.35133
0.000125178 375744 8.62496 3.73119
0.000141895 336836 8.51735 3.36823
0.000167005 296941 7.87341 2.59823
0.000130659 309634 7.59339 2.04881
0.000144881 294850 8.41992 2.91217
0.000170948 305175 9.22019 3.79904
0.000185705 273349 8.70321 3.60437
0.000170635 286366 9.28768 4.09858
0.000179314 276792 9.10943 3.74957
0.000212703 247652 8.86237 3.38737
0.000214295 250319 8.67054 2.74941
0.000197606 255012 8.71278 3.13119
0.000221852 262981 10.0016 4.18588
0.000235896 229166 8.92359 3.133
0.000199345 273426 9.16532 3.27343
0.000187133 252845 8.05287 2.65313
0.000147447 315317 8.89836 3.36747
0.000170781 286763 8.63585 2.95233
0.000143572 338114 9.07256 4.17806
0.000111093 353506 8.42827 2.79033
9.97429e-05 383272 8.69001 3.6196
0.000121948 359274 8.72648 3.87883
0.000138788 350467 8.75833 3.92674
0.000185412 307653 9.15315 4.46109
0.00018432 271658 9.08646 3.94492
0.000192284 304534 9.93689 4.57029
0.000141195 315077 8.17804 2.5764
0.000176383 287615 8.76796 3.50885
0.0001469 328352 8.22627 2.50912
0.000131986 308993 8.12097 2.97718
0.000121567 349481 8.58021 3.22689
0.000140738 338509 8.10183 2.88285
0.000124914 382043 8.72098 3.598
0.000118843 368859 8.66053 3.03841
0.000126495 374558 8.8589 3.42516
0.000146973 340235 8.63375 3.29496
0.00012567 371401 8.70422 3.56175
0.000103038 385572 7.89086 2.95119
0.000100915 449270 9.0001 3.62241
9.33365e-05 462029 8.936 3.84564
8.54762e-05 452888 8.56686 3.64233
8.42189e-05 427202 8.1837 3.86642
9.10333e-05 415968 8.12323 3.78054
9.60492e-05 439643 9.04514 4.38598
8.96627e-05 434156 8.24931 3.73261
8.60178e-05 458964 8.63695 4.43636
8.66619e-05 484155 9.00649 4.53112
0.000111183 483707 9.00621 4.00841
9.29402e-05 483443 8.9342 4.19848
8.8359e-05 468330 8.86376 3.7445
0.000111364 482476 9.20598 3.36488
9.5869e-05 428849 8.41971 2.732
0.000105174 427810 8.24833 3.40075
0.000102244 435804 8.76908 3.536
0.000110688 412207 8.70803 3.5981
9.94014e-05 413433 8.54544 3.19583
0.0001124 399782 8.61088 3.33512
0.000112713 435148 9.14664 3.74421
9.37928e-05 425093 8.43495 2.65883
0.000101762 447853 9.10049 3.68597
9.94733e-05 423223 8.622 3.22972
0.0001119 381914 8.15416 3.15312
0.000127588 363219 8.23288 3.46969
0.000134813 362642 8.25998 2.92791
0.000141556 337782 8.48919 2.795
0.000146235 349686 8.94875 3.26417
0.000131596 342039 8.21857 2.75352
0.00012343 351047 8.56995 2.91003
0.000112596 404615 8.47785 2.83827
0.0001003 406214 8.44162 2.70524
9.35142e-05 439017 8.9829 3.66536
0.000108967 409130 8.86047 3.29825
0.000110259 416328 9.15302 3.3013
0.000121502 415785 8.66058 3.51547
0.000110631 379774 8.08355 3.01963
0.000112953 381035 8.40914 2.90726
0.00012834 341255 8.25793 2.89628
0.000120137 361136 8.26479 2.79772
0.000115102 356086 8.09474 2.73089
0.000167044 313525 8.84903 3.28329
0.000176358 266770 8.35584 2.93295
0.000215057 254742 8.80298 3.32338
0.000203298 286896 9.08073 3.69895
0.000176667 270846 9.06307 4.26518
0.000156332 289305 8.71927 3.82835
0.00015015 305874 8.49562 3.02736
0.000138672 327444 8.45991 3.36868
0.00015317 304264 8.07011 2.51234
0.000128899 342605 8.19077 2.93958
0.000132562 365248 8.66761 3.20966
0.000107123 345234 7.8924 2.96882
0.000116403 379072 8.54151 2.78397
0.000135663 334994 8.58105 2.91837
0.000121906 354839 8.5098 3.10104
0.000117456 385931 8.32942 2.98308
0.000128336 352535 8.34685 2.84815
0.000129885 359188 8.5326 2.67721
0.000145795 325104 8.73027 3.55859
0.000123012 353514 8.74524 3.83873
0.000141166 333218 9.00403 3.50867
0.000124244 360173 9.18987 4.09137
0.000140056 337538 8.37069 3.11361
0.000162798 307240 8.17844 2.32654
0.000141382 358318 9.05042 3.22596
0.000139037 314808 8.7799 4.02109
0.000139964 325735 8.7383 3.61984
0.000126792 349933 8.08317 2.77569
0.000108783 367925 8.03414 3.12766
0.000124006 328317 8.24353 3.78196
0.000145269 365942 9.19043 3.84458
0.000147386 336779 8.62838 3.16082
0.000127001 369503 9.15716 3.93719
0.000133604 336096 8.91272 3.45643
0.000126551 367110 8.71302 3.5628
9.5872e-05 454796 8.96576 4.25368
9.08763e-05 451019 8.45148 3.64993
0.00010382 441735 9.00346 3.80698
0.000108768 439233 9.46584 4.52769
0.000105984 406927 8.2382 3.5149
0.000106261 428048 8.65183 3.30278
8.91871e-05 434509 8.16555 3.07076
9.51791e-05 431125 8.47121 3.08919
0.000100593 444120 8.51629 2.89004
0.000110942 394639 8.09329 3.15719
0.000115304 386723 8.21409 3.02165
0.000120823 411115 8.18771 3.09886
0.000105842 434400 8.78397 4.1327
0.000115714 376361 8.59363 3.24635
0.000126406 342584 8.5093 3.3016
0.000119756 352180 8.4223 3.4488
0.000135603 369778 9.61048 3.99381
0.000126332 354872 8.83803 3.62827
0.000159523 311031 8.18733 2.61227
0.00013752 328109 8.46403 3.10611
0.000170758 276787 8.18212 2.94081
0.00015338 295745 8.37821 2.94984
0.000170076 262120 8.5195 3.57518
0.00015674 305467 8.96752 3.68081
0.000206214 261272 9.05016 4.27293
0.000177808 282379 9.26561 4.34199
0.000156873 287719 8.95816 3.71321
0.000184755 266781 8.71596 4.25753
0.00017252 259471 8.59845 3.92449
0.000172817 286930 9.08753 4.01275
0.000162509 355537 9.78487 4.07612
0.000207893 280911 9.25061 3.52521
0.000249054 241845 9.62796 4.21127
0.000192899 258541 8.67285 2.79017
0.000135243 315376 8.21248 2.65441
0.00019755 260690 8.81117 3.20717
0.000139265 287251 7.79985 2.42985
0.000193251 289117 8.96333 3.24082
0.000162155 286710 9.05387 4.12555
0.000197213 292415 9.16567 3.8721
0.000179632 265078 9.17962 4.46879
0.000173325 302455 9.41239 3.43347
0.000176013 281074 8.88102 3.38889
0.000200621 269960 8.99814 3.05994
0.000171973 277645 8.66259 4.03689
0.000154208 287484 8.32103 3.35961
0.000148323 293154 8.19647 3.3395
0.000145175 301033 8.53311 3.77061
0.000144903 335615 8.34493 2.9981
0.00012936 332154 8.05091 2.83815
0.000130219 326928 8.25671 3.27166
0.000118962 333594 8.26449 3.49637
0.000113201 384326 8.5561 3.30778
0.000129003 356086 8.34967 3.04802
0.000125971 335366 8.09053 2.66409
0.000153355 286601 8.23205 3.18075
0.000169387 313276 9.06208 3.32821
0.000183921 309691 9.55483 3.94006
0.000207243 273477 9.52964 3.93547
0.000161426 312531 9.23381 3.83369
0.000157764 326681 9.09008 3.42087
0.000130135 342337 8.78137 2.73679
0.00015445 319918 8.53614 3.60597
0.000160516 305215 8.92078 3.21298
0.000149533 317341 8.63859 2.92626
0.000131555 316765 8.84312 3.50138
0.000131988 344572 8.83627 3.83487
0.000165845 331104 8.73534 2.76423
0.000132791 365289 8.50062 3.52873
9.76111e-05 439871 9.11321 3.78572
0.00011046 446738 9.02663 3.24767
9.51573e-05 405883 8.35388 2.83588
0.000120181 386014 8.92923 3.92789
0.000100934 396411 8.95089 3.1239
0.000158063 302305 8.45169 3.28553
0.000151939 340624 9.14577 3.52683
0.000137762 315885 8.5459 3.39026
0.000136825 341537 8.89214 3.6412
0.000128963 338707 8.50978 3.33747
0.000143589 344441 8.83485 3.80741
0.000133997 325186 8.27989 3.14995
0.000118172 337705 7.91812 2.779
0.000151441 378422 9.30933 3.63397
0.00011941 378385 8.84762 3.3602
0.00013404 363060 8.76474 3.08712
0.000164809 320408 9.21007 3.72415
0.000162868 315901 9.04234 3.74139
0.000173313 316930 8.90686 3.38943
0.000190624 265848 9.01951 3.46578
0.000204275 260072 9.5768 4.26571
0.000251837 249700 10.1922 5.23548
0.00020601 255660 8.97355 3.96208
0.000198953 293177 9.20354 3.96649
0.000179597 260261 8.86895 3.28991
0.000234097 239144 8.81041 3.60645
0.000155708 309204 8.80529 3.52327
0.000193732 281459 9.11003 3.87763
0.000172846 325977 9.8904 4.5939
0.0002064 269531 9.88994 4.69134
0.00016824 315675 10.2137 4.62864
0.00013674 331531 9.34664 4.34454
0.000162476 311796 8.67435 4.03929
0.000156815 312796 8.27267 2.9245
0.00013166 347723 8.84975 3.26117
0.00017967 310875 9.22552 3.47499
0.000154692 320666 8.57367 3.29182
0.000111495 435651 8.5245 3.06442
9.75859e-05 432124 8.79627 3.08411
0.000104996 400839 7.85092 2.64851
9.53779e-05 401475 7.875 2.92642
0.000138112 331093 8.5802 3.6628
0.000139717 327269 8.79378 3.83846
0.000107778 372146 8.89679 3.53744
0.000128174 347491 8.64839 3.45395
0.000117436 398661 9.08283 3.87352
0.000108632 381723 8.47913 2.85684
0.000148865 348391 8.60483 3.49709
0.000109579 381496 8.38231 2.52592
0.000109977 420623 8.56624 3.41418
9.12292e-05 418204 7.87041 2.87339
0.000108835 409774 8.1873 3.00893
0.000111135 402291 8.36231 3.51475
0.000104682 414738 8.87359 4.25378
0.000102511 468378 9.24065 4.06842
9.76769e-05 451619 9.24289 4.5207
0.000101907 451594 9.34504 3.69718
0.000121376 432028 9.50276 3.61365
0.000119783 400664 8.70358 3.4619
0.000120723 422812 8.94782 3.04916
9.84889e-05 457771 8.63448 3.05042
0.000126237 398570 9.04883 3.50909
0.00013638 387548 9.41758 3.72841
0.000155729 343223 9.44201 3.84665
0.000151309 313962 9.102 3.62946
0.000148403 315920 8.95478 4.21185
0.000151608 315569 8.78605 3.69565
0.000159283 346109 9.73565 3.82684
0.000138469 337915 9.39341 4.48426
0.000140518 367142 9.42935 3.97467
0.000115458 338822 8.21623 3.24639
0.000154134 308332 8.01003 2.51902
0.000149143 329136 9.26785 4.27967
0.000157876 321611 8.85206 3.25374
0.000189206 306876 9.55347 4.04302
0.000154656 348519 9.97722 4.66083
0.000170134 336516 9.89469 4.41414
0.000153428 358238 9.20072 3.51094
0.000122559 331711 8.8909 3.47869
0.000120856 355964 8.45435 2.88433
0.000139677 333802 8.47298 3.2614
0.000129239 352109 8.55903 3.53259
0.000112203 388653 8.9953 3.50097
0.000137217 362069 8.75257 3.15401
0.00015288 308163 9.31278 3.45838
0.000155333 293474 8.93222 3.57942
0.000158874 316254 8.73004 3.44106
0.000177226 317149 9.02749 3.54386
0.000142037 315578 8.38133 3.29323
0.00013949 334123 8.94407 3.28257
0.00018715 277938 8.76401 3.13935
0.000171192 276027 9.07009 3.7564
0.000203323 279608 9.02739 3.51462
0.000191401 282698 9.03715 3.74405
0.000167291 309845 9.09479 3.35106
0.000174988 292018 9.35318 3.55674
0.000147807 290781 8.41445 2.72707
0.000176584 293844 8.80044 3.40397
0.000155739 311627 9.34459 3.58387
0.000129737 338854 8.19951 2.43701
0.000138244 340492 8.80597 3.12678
0.000134918 354447 8.84891 3.82053
0.000122167 374368 8.81266 3.52623
0.000140558 338156 8.46131 2.79429
0.000129115 355947 8.53974 3.53434
0.000129752 340328 7.81864 2.76264
0.000148706 334083 8.76351 3.37395
0.000165871 298995 8.49298 3.19651
0.000145117 331057 8.79286 3.74498
0.000130539 398529 9.52084 3.96427
0.000124325 387707 8.93941 3.49365
0.000124083 359976 8.06541 2.65081
0.000132247 336582 8.49668 2.95996
0.000151051 330229 8.9407 3.78079
0.000117528 349819 8.60532 2.86836
0.000145472 316465 8.45874 2.66126
0.000133596 325502 8.32114 2.97032
0.000109129 387530 8.61978 3.26207
0.000116432 357538 9.15137 3.90702
0.000115681 400458 9.70642 4.28505
0.000125466 376368 9.08336 4.18903
